GM15_winner_Re100000_a4.0_LD8.99  [padre:GM15_winner  Re:100000  alpha:4.0deg  L/D:8.9898]
  1.000000  0.000175
  0.997540  0.000738
  0.990700  0.002303
  0.980370  0.004666
  0.966980  0.007635
  0.950440  0.011207
  0.930640  0.015212
  0.907750  0.019665
  0.882020  0.024497
  0.853700  0.029613
  0.823090  0.034828
  0.790480  0.039891
  0.756160  0.044719
  0.720430  0.049318
  0.683590  0.053569
  0.645940  0.057524
  0.607780  0.061131
  0.569370  0.064374
  0.530990  0.067175
  0.492650  0.069508
  0.454350  0.071293
  0.416380  0.072483
  0.378870  0.073010
  0.342040  0.072836
  0.306090  0.071981
  0.271200  0.070276
  0.237600  0.067908
  0.205490  0.064833
  0.175040  0.060802
  0.146480  0.055992
  0.119990  0.050482
  0.095760  0.044281
  0.073950  0.037429
  0.054680  0.029808
  0.038110  0.021702
  0.024330  0.014585
  0.013380  0.008187
  0.005480  0.003911
  0.000980  0.001573
  0.000000  -0.000190
  0.000980  -0.001525
  0.005480  -0.002067
  0.013380  -0.003265
  0.024330  -0.005392
  0.038110  -0.007350
  0.054680  -0.009363
  0.073950  -0.010334
  0.095760  -0.010187
  0.119990  -0.009127
  0.146480  -0.007261
  0.175040  -0.004722
  0.205490  -0.001607
  0.237600  0.001972
  0.271200  0.005801
  0.306090  0.009718
  0.342040  0.013506
  0.378870  0.017054
  0.416380  0.020184
  0.454350  0.022787
  0.492650  0.024798
  0.530990  0.026154
  0.569370  0.026888
  0.607780  0.026999
  0.645940  0.026564
  0.683590  0.025621
  0.720430  0.024286
  0.756160  0.022552
  0.790480  0.020531
  0.823090  0.018188
  0.853700  0.015544
  0.882020  0.012775
  0.907750  0.010045
  0.930640  0.007513
  0.950440  0.005295
  0.966980  0.003466
  0.980370  0.001999
  0.990700  0.000881
  0.997540  0.000141
  1.000000  -0.000125
