NACA_0012_sharp_Re100000_a4.0_LD7.03  [padre:NACA_0012_sharp  Re:100000  alpha:4.0deg  L/D:7.0335]
  1.000000  -0.040497
  0.999615  -0.040355
  0.998459  -0.039930
  0.996534  -0.039221
  0.993844  -0.038231
  0.990393  -0.036961
  0.986185  -0.035382
  0.981228  -0.033444
  0.975528  -0.031216
  0.969096  -0.028586
  0.961940  -0.025647
  0.954072  -0.022400
  0.945503  -0.018874
  0.936248  -0.015067
  0.926320  -0.010907
  0.915735  -0.006539
  0.904508  -0.002227
  0.892658  0.002000
  0.880203  0.006396
  0.867161  0.011229
  0.853553  0.016340
  0.839400  0.020940
  0.824724  0.023982
  0.809547  0.025029
  0.793893  0.025343
  0.777785  0.025816
  0.761249  0.026404
  0.744311  0.026859
  0.726995  0.027367
  0.709330  0.028298
  0.691342  0.029651
  0.673059  0.030966
  0.654508  0.032765
  0.635720  0.036198
  0.616723  0.040174
  0.597545  0.043453
  0.578217  0.046437
  0.558769  0.049482
  0.539230  0.052396
  0.519630  0.054891
  0.500000  0.056696
  0.480370  0.057417
  0.460770  0.057988
  0.441231  0.058548
  0.421783  0.059084
  0.402455  0.059562
  0.383277  0.059884
  0.364280  0.060256
  0.345492  0.060317
  0.326941  0.060182
  0.308658  0.060262
  0.290670  0.060239
  0.273005  0.060205
  0.255689  0.059951
  0.238751  0.059377
  0.222215  0.058656
  0.206107  0.057805
  0.190453  0.056813
  0.175276  0.055699
  0.160600  0.054401
  0.146447  0.052927
  0.132839  0.051305
  0.119797  0.049545
  0.107342  0.047651
  0.095492  0.045625
  0.084265  0.043465
  0.073680  0.041170
  0.063752  0.038696
  0.054497  0.035972
  0.045928  0.033007
  0.038060  0.029896
  0.030904  0.025913
  0.024472  0.022118
  0.018772  0.017504
  0.013815  0.013491
  0.009607  0.009551
  0.006156  0.006247
  0.003466  0.004012
  0.001541  0.002933
  0.000385  0.002186
  0.000000  0.000000
  0.000385  -0.002186
  0.001541  -0.002933
  0.003466  -0.004012
  0.006156  -0.006247
  0.009607  -0.009551
  0.013815  -0.013492
  0.018772  -0.017506
  0.024472  -0.022121
  0.030904  -0.025918
  0.038060  -0.029904
  0.045928  -0.033018
  0.054497  -0.035988
  0.063752  -0.038717
  0.073680  -0.041197
  0.084265  -0.043498
  0.095492  -0.045665
  0.107342  -0.047694
  0.119797  -0.049589
  0.132839  -0.051343
  0.146447  -0.052951
  0.160600  -0.054412
  0.175276  -0.055720
  0.190453  -0.056858
  0.206107  -0.057899
  0.222215  -0.058854
  0.238751  -0.059703
  0.255689  -0.060415
  0.273005  -0.060998
  0.290670  -0.061569
  0.308658  -0.062043
  0.326941  -0.062303
  0.345492  -0.062269
  0.364280  -0.061771
  0.383277  -0.060771
  0.402455  -0.059514
  0.421783  -0.058176
  0.441231  -0.056638
  0.460770  -0.054825
  0.480370  -0.052869
  0.500000  -0.051216
  0.519630  -0.050491
  0.539230  -0.050061
  0.558769  -0.049792
  0.578217  -0.049620
  0.597545  -0.049540
  0.616723  -0.049589
  0.635720  -0.049750
  0.654508  -0.049689
  0.673059  -0.048618
  0.691342  -0.046230
  0.709330  -0.043267
  0.726995  -0.040388
  0.744311  -0.037789
  0.761249  -0.035117
  0.777785  -0.032146
  0.793893  -0.028966
  0.809547  -0.025702
  0.824724  -0.023154
  0.839400  -0.022886
  0.853553  -0.024900
  0.867161  -0.027616
  0.880203  -0.029498
  0.892658  -0.030907
  0.904508  -0.032638
  0.915735  -0.034452
  0.926320  -0.035786
  0.936248  -0.036511
  0.945503  -0.037106
  0.954072  -0.037758
  0.961940  -0.038473
  0.969096  -0.039145
  0.975528  -0.039732
  0.981228  -0.040061
  0.986185  -0.040348
  0.990393  -0.040510
  0.993844  -0.040613
  0.996534  -0.040694
  0.998459  -0.040751
  0.999615  -0.040786
  1.000000  -0.040797
