AG24 Bubble Dancer DLG by Mark Drela
  1.000000  -0.005124
  0.994048  -0.004225
  0.982038  -0.002413
  0.968488  -0.000379
  0.954647  0.001672
  0.940769  0.003691
  0.926890  0.005669
  0.913006  0.007610
  0.899118  0.009522
  0.885230  0.011423
  0.871339  0.013332
  0.857451  0.015264
  0.843559  0.017231
  0.829670  0.019231
  0.815779  0.021251
  0.801883  0.023270
  0.787989  0.025267
  0.774091  0.027230
  0.760188  0.029155
  0.746285  0.031042
  0.732376  0.032891
  0.718461  0.034700
  0.704547  0.036466
  0.690631  0.038182
  0.676709  0.039810
  0.662788  0.041274
  0.648868  0.042538
  0.634943  0.043693
  0.621017  0.044809
  0.607093  0.045898
  0.593166  0.046962
  0.579236  0.047999
  0.565310  0.049008
  0.551385  0.049988
  0.537456  0.050937
  0.523528  0.051851
  0.509606  0.052760
  0.495682  0.053714
  0.481756  0.054718
  0.467835  0.055710
  0.453918  0.056644
  0.440000  0.057509
  0.426087  0.058304
  0.412180  0.059021
  0.398274  0.059655
  0.384372  0.060209
  0.370481  0.060681
  0.356594  0.061068
  0.342711  0.061366
  0.328841  0.061571
  0.314984  0.061679
  0.301131  0.061686
  0.287296  0.061584
  0.273479  0.061359
  0.259672  0.061015
  0.245889  0.060548
  0.232132  0.059951
  0.218395  0.059216
  0.204696  0.058337
  0.191034  0.057304
  0.177412  0.056106
  0.163854  0.054732
  0.150354  0.053164
  0.136934  0.051377
  0.123613  0.049357
  0.110400  0.047086
  0.097342  0.044543
  0.084457  0.041693
  0.071816  0.038503
  0.059466  0.034925
  0.047533  0.030913
  0.036200  0.026393
  0.025838  0.021175
  0.017129  0.015029
  0.010712  0.009962
  0.006482  0.005937
  0.003763  0.003500
  0.001997  0.002181
  0.000855  0.001440
  0.000198  0.000808
  0.000001  -0.000230
  0.000293  -0.001243
  0.001184  -0.001747
  0.002714  -0.002260
  0.004994  -0.003225
  0.008364  -0.005032
  0.013488  -0.007806
  0.021193  -0.010919
  0.031412  -0.014007
  0.043212  -0.016411
  0.055804  -0.018251
  0.068780  -0.019722
  0.081987  -0.020895
  0.095351  -0.021827
  0.108824  -0.022554
  0.122377  -0.023108
  0.135989  -0.023510
  0.149652  -0.023777
  0.163351  -0.023916
  0.177085  -0.023945
  0.190844  -0.023879
  0.204622  -0.023729
  0.218421  -0.023501
  0.232237  -0.023202
  0.246064  -0.022838
  0.259909  -0.022413
  0.273764  -0.021932
  0.287631  -0.021401
  0.301514  -0.020819
  0.315408  -0.020208
  0.329313  -0.019623
  0.343234  -0.019128
  0.357166  -0.018732
  0.371111  -0.018396
  0.385067  -0.018096
  0.399034  -0.017833
  0.413004  -0.017612
  0.426962  -0.017439
  0.440907  -0.017313
  0.454842  -0.017239
  0.468769  -0.017218
  0.482685  -0.017224
  0.496593  -0.017130
  0.510494  -0.016779
  0.524394  -0.016195
  0.538286  -0.015526
  0.552174  -0.014843
  0.566059  -0.014148
  0.579942  -0.013442
  0.593817  -0.012727
  0.607689  -0.012005
  0.621556  -0.011275
  0.635419  -0.010540
  0.649276  -0.009797
  0.663131  -0.009025
  0.676986  -0.008201
  0.690839  -0.007336
  0.704693  -0.006451
  0.718548  -0.005557
  0.732407  -0.004658
  0.746265  -0.003758
  0.760127  -0.002858
  0.773993  -0.001962
  0.787859  -0.001077
  0.801731  -0.000213
  0.815611  0.000585
  0.829491  0.001185
  0.843374  0.001447
  0.857263  0.001384
  0.871153  0.001111
  0.885046  0.000704
  0.898943  0.000183
  0.912839  -0.000442
  0.926737  -0.001163
  0.940634  -0.001957
  0.954532  -0.002806
  0.968401  -0.003690
  0.982019  -0.004576
  0.994039  -0.005364
  1.000000  -0.005756
