gota L=1
  1.00000000  0.00000000
  0.99763889  0.00053791
  0.99527778  0.00107583
  0.99291667  0.00161374
  0.99055556  0.00215166
  0.98819444  0.00268957
  0.98583333  0.00322749
  0.98347222  0.00376540
  0.98111111  0.00430331
  0.97875000  0.00484123
  0.97638889  0.00537914
  0.97402778  0.00591706
  0.97166667  0.00645497
  0.96930556  0.00699289
  0.96694444  0.00753080
  0.96458333  0.00806872
  0.96222222  0.00860663
  0.95986111  0.00914454
  0.95750000  0.00968246
  0.95513889  0.01022037
  0.95277778  0.01075829
  0.95041667  0.01129620
  0.94805556  0.01183412
  0.94569444  0.01237203
  0.94333333  0.01290994
  0.94097222  0.01344786
  0.93861111  0.01398577
  0.93625000  0.01452369
  0.93388889  0.01506160
  0.93152778  0.01559952
  0.92916667  0.01613743
  0.92680556  0.01667534
  0.92444444  0.01721326
  0.92208333  0.01775117
  0.91972222  0.01828909
  0.91736111  0.01882700
  0.91500000  0.01936492
  0.91263889  0.01990283
  0.91027778  0.02044075
  0.90791667  0.02097866
  0.90555556  0.02151657
  0.90319444  0.02205449
  0.90083333  0.02259240
  0.89847222  0.02313032
  0.89611111  0.02366823
  0.89375000  0.02420615
  0.89138889  0.02474406
  0.88902778  0.02528197
  0.88666667  0.02581989
  0.88430556  0.02635780
  0.88194444  0.02689572
  0.87958333  0.02743363
  0.87722222  0.02797155
  0.87486111  0.02850946
  0.87250000  0.02904738
  0.87013889  0.02958529
  0.86777778  0.03012320
  0.86541667  0.03066112
  0.86305556  0.03119903
  0.86069444  0.03173695
  0.85833333  0.03227486
  0.85597222  0.03281278
  0.85361111  0.03335069
  0.85125000  0.03388860
  0.84888889  0.03442652
  0.84652778  0.03496443
  0.84416667  0.03550235
  0.84180556  0.03604026
  0.83944444  0.03657818
  0.83708333  0.03711609
  0.83472222  0.03765400
  0.83236111  0.03819192
  0.83000000  0.03872983
  0.82763889  0.03926775
  0.82527778  0.03980566
  0.82291667  0.04034358
  0.82055556  0.04088149
  0.81819444  0.04141941
  0.81583333  0.04195732
  0.81347222  0.04249523
  0.81111111  0.04303315
  0.80875000  0.04357106
  0.80638889  0.04410898
  0.80402778  0.04464689
  0.80166667  0.04518481
  0.79930556  0.04572272
  0.79694444  0.04626063
  0.79458333  0.04679855
  0.79222222  0.04733646
  0.78986111  0.04787438
  0.78750000  0.04841229
  0.78513889  0.04895021
  0.78277778  0.04948812
  0.78041667  0.05002603
  0.77805556  0.05056395
  0.77569444  0.05110186
  0.77333333  0.05163978
  0.77097222  0.05217769
  0.76861111  0.05271561
  0.76625000  0.05325352
  0.76388889  0.05379144
  0.76152778  0.05432935
  0.75916667  0.05486726
  0.75680556  0.05540518
  0.75444444  0.05594309
  0.75208333  0.05648101
  0.74972222  0.05701892
  0.74736111  0.05755684
  0.74500000  0.05809475
  0.74263889  0.05863266
  0.74027778  0.05917058
  0.73791667  0.05970849
  0.73555556  0.06024641
  0.73319444  0.06078432
  0.73083333  0.06132224
  0.72847222  0.06186015
  0.72611111  0.06239807
  0.72375000  0.06293598
  0.72138889  0.06347389
  0.71902778  0.06401181
  0.71666667  0.06454972
  0.71430556  0.06508764
  0.71194444  0.06562555
  0.70958333  0.06616347
  0.70722222  0.06670138
  0.70486111  0.06723929
  0.70250000  0.06777721
  0.70013889  0.06831512
  0.69777778  0.06885304
  0.69541667  0.06939095
  0.69305556  0.06992887
  0.69069444  0.07046678
  0.68833333  0.07100469
  0.68597222  0.07154261
  0.68361111  0.07208052
  0.68125000  0.07261844
  0.67888889  0.07315635
  0.67652778  0.07369427
  0.67416667  0.07423218
  0.67180556  0.07477010
  0.66944444  0.07530801
  0.66708333  0.07584592
  0.66472222  0.07638384
  0.66236111  0.07692175
  0.66000000  0.07745967
  0.65763889  0.07799758
  0.65527778  0.07853550
  0.65291667  0.07907341
  0.65055556  0.07961132
  0.64819444  0.08014924
  0.64583333  0.08068715
  0.64347222  0.08122507
  0.64111111  0.08176298
  0.63875000  0.08230090
  0.63638889  0.08283881
  0.63402778  0.08337672
  0.63166667  0.08391464
  0.62930556  0.08445255
  0.62694444  0.08499047
  0.62458333  0.08552838
  0.62222222  0.08606630
  0.61986111  0.08660421
  0.61750000  0.08714213
  0.61513889  0.08768004
  0.61277778  0.08821795
  0.61041667  0.08875587
  0.60805556  0.08929378
  0.60569444  0.08983170
  0.60333333  0.09036961
  0.60097222  0.09090753
  0.59861111  0.09144544
  0.59625000  0.09198335
  0.59388889  0.09252127
  0.59152778  0.09305918
  0.58916667  0.09359710
  0.58680556  0.09413501
  0.58444444  0.09467293
  0.58208333  0.09521084
  0.57972222  0.09574875
  0.57736111  0.09628667
  0.57500000  0.09682458
  0.57263889  0.09736250
  0.57027778  0.09790041
  0.56791667  0.09843833
  0.56555556  0.09897624
  0.56319444  0.09951416
  0.56083333  0.10005207
  0.55847222  0.10058998
  0.55611111  0.10112790
  0.55375000  0.10166581
  0.55138889  0.10220373
  0.54902778  0.10274164
  0.54666667  0.10327956
  0.54430556  0.10381747
  0.54194444  0.10435538
  0.53958333  0.10489330
  0.53722222  0.10543121
  0.53486111  0.10596913
  0.53250000  0.10650704
  0.53013889  0.10704496
  0.52777778  0.10758287
  0.52541667  0.10812079
  0.52305556  0.10865870
  0.52069444  0.10919661
  0.51833333  0.10973453
  0.51597222  0.11027244
  0.51361111  0.11081036
  0.51125000  0.11134827
  0.50888889  0.11188619
  0.50652778  0.11242410
  0.50416667  0.11296201
  0.50180556  0.11349993
  0.49944444  0.11403784
  0.49708333  0.11457576
  0.49472222  0.11511367
  0.49236111  0.11565159
  0.49000000  0.11618950
  0.48763889  0.11672741
  0.48527778  0.11726533
  0.48291667  0.11780324
  0.48055556  0.11834116
  0.47819444  0.11887907
  0.47583333  0.11941699
  0.47347222  0.11995490
  0.47111111  0.12049282
  0.46875000  0.12103073
  0.46638889  0.12156864
  0.46402778  0.12210656
  0.46166667  0.12264447
  0.45930556  0.12318239
  0.45694444  0.12372030
  0.45458333  0.12425822
  0.45222222  0.12479613
  0.44986111  0.12533404
  0.44750000  0.12587196
  0.44513889  0.12640987
  0.44277778  0.12694779
  0.44041667  0.12748570
  0.43805556  0.12802362
  0.43569444  0.12856153
  0.43333333  0.12909944
  0.43097222  0.12963736
  0.42861111  0.13017527
  0.42625000  0.13071319
  0.42388889  0.13125110
  0.42152778  0.13178902
  0.41916667  0.13232693
  0.41680556  0.13286485
  0.41444444  0.13340276
  0.41208333  0.13394067
  0.40972222  0.13447859
  0.40736111  0.13501650
  0.40500000  0.13555442
  0.40263889  0.13609233
  0.40027778  0.13663025
  0.39791667  0.13716816
  0.39555556  0.13770607
  0.39319444  0.13824399
  0.39083333  0.13878190
  0.38847222  0.13931982
  0.38611111  0.13985773
  0.38375000  0.14039565
  0.38138889  0.14093356
  0.37902778  0.14147148
  0.37666667  0.14200939
  0.37430556  0.14254730
  0.37194444  0.14308522
  0.36958333  0.14362313
  0.36722222  0.14416105
  0.36486111  0.14469896
  0.36250000  0.14523688
  0.36013889  0.14577479
  0.35777778  0.14631270
  0.35541667  0.14685062
  0.35305556  0.14738853
  0.35069444  0.14792645
  0.34833333  0.14846436
  0.34597222  0.14900228
  0.34361111  0.14954019
  0.34125000  0.15007810
  0.33888889  0.15061602
  0.33652778  0.15115393
  0.33416667  0.15169185
  0.33180556  0.15222976
  0.32944444  0.15276768
  0.32708333  0.15330559
  0.32472222  0.15384351
  0.32236111  0.15438142
  0.32000000  0.15491933
  0.31763889  0.15545725
  0.31527778  0.15599516
  0.31291667  0.15653308
  0.31055556  0.15707099
  0.30819444  0.15760891
  0.30583333  0.15814682
  0.30347222  0.15868473
  0.30111111  0.15922265
  0.29875000  0.15976056
  0.29638889  0.16029848
  0.29402778  0.16083639
  0.29166667  0.16137431
  0.28930556  0.16191222
  0.28694444  0.16245013
  0.28458333  0.16298805
  0.28222222  0.16352596
  0.27986111  0.16406388
  0.27750000  0.16460179
  0.27513889  0.16513971
  0.27277778  0.16567762
  0.27041667  0.16621554
  0.26805556  0.16675345
  0.26569444  0.16729136
  0.26333333  0.16782928
  0.26097222  0.16836719
  0.25861111  0.16890511
  0.25625000  0.16944302
  0.25388889  0.16998094
  0.25152778  0.17051885
  0.24916667  0.17105676
  0.24680556  0.17159468
  0.24444444  0.17213259
  0.24208333  0.17267051
  0.23972222  0.17320842
  0.23736111  0.17374634
  0.23500000  0.17428425
  0.23263889  0.17482216
  0.23027778  0.17536008
  0.22791667  0.17589799
  0.22555556  0.17643591
  0.22319444  0.17697382
  0.22083333  0.17751174
  0.21847222  0.17804965
  0.21611111  0.17858757
  0.21375000  0.17912548
  0.21138889  0.17966339
  0.20902778  0.18020131
  0.20666667  0.18073922
  0.20430556  0.18127714
  0.20194444  0.18181505
  0.19958333  0.18235297
  0.19722222  0.18289088
  0.19486111  0.18342879
  0.19250000  0.18396671
  0.19013889  0.18450462
  0.18777778  0.18504254
  0.18541667  0.18558045
  0.18305556  0.18611837
  0.18069444  0.18665628
  0.17833333  0.18719420
  0.17597222  0.18773211
  0.17361111  0.18827002
  0.17125000  0.18880794
  0.16888889  0.18934585
  0.16652778  0.18988377
  0.16416667  0.19042168
  0.16180556  0.19095960
  0.15944444  0.19149751
  0.15708333  0.19203542
  0.15472222  0.19257334
  0.15236111  0.19311125
  0.15000000  0.19364917
  0.14858329  0.19327784
  0.14716933  0.19289614
  0.14575821  0.19250410
  0.14434999  0.19210173
  0.14294476  0.19168907
  0.14154259  0.19126613
  0.14014355  0.19083293
  0.13874773  0.19038949
  0.13735518  0.18993585
  0.13596600  0.18947202
  0.13458025  0.18899803
  0.13319801  0.18851391
  0.13181935  0.18801968
  0.13044435  0.18751536
  0.12907308  0.18700099
  0.12770561  0.18647660
  0.12634201  0.18594220
  0.12498237  0.18539783
  0.12362675  0.18484352
  0.12227523  0.18427930
  0.12092787  0.18370519
  0.11958475  0.18312124
  0.11824595  0.18252746
  0.11691153  0.18192390
  0.11558156  0.18131058
  0.11425612  0.18068754
  0.11293528  0.18005481
  0.11161911  0.17941243
  0.11030768  0.17876042
  0.10900106  0.17809883
  0.10769932  0.17742769
  0.10640252  0.17674703
  0.10511075  0.17605689
  0.10382406  0.17535732
  0.10254254  0.17464834
  0.10126623  0.17393000
  0.09999523  0.17320232
  0.09872958  0.17246537
  0.09746937  0.17171916
  0.09621465  0.17096374
  0.09496550  0.17019916
  0.09372198  0.16942545
  0.09248416  0.16864265
  0.09125211  0.16785081
  0.09002589  0.16704998
  0.08880556  0.16624018
  0.08759120  0.16542147
  0.08638286  0.16459388
  0.08518062  0.16375747
  0.08398454  0.16291228
  0.08279467  0.16205836
  0.08161109  0.16119574
  0.08043386  0.16032448
  0.07926305  0.15944462
  0.07809870  0.15855621
  0.07694089  0.15765930
  0.07578969  0.15675394
  0.07464514  0.15584017
  0.07350731  0.15491804
  0.07237627  0.15398761
  0.07125207  0.15304892
  0.07013478  0.15210202
  0.06902444  0.15114696
  0.06792114  0.15018380
  0.06682491  0.14921259
  0.06573583  0.14823337
  0.06465395  0.14724621
  0.06357932  0.14625115
  0.06251201  0.14524824
  0.06145207  0.14423755
  0.06039956  0.14321913
  0.05935454  0.14219302
  0.05831706  0.14115929
  0.05728718  0.14011799
  0.05626495  0.13906917
  0.05525043  0.13801290
  0.05424367  0.13694923
  0.05324472  0.13587821
  0.05225365  0.13479991
  0.05127050  0.13371438
  0.05029532  0.13262168
  0.04932817  0.13152186
  0.04836910  0.13041500
  0.04741817  0.12930114
  0.04647541  0.12818034
  0.04554089  0.12705268
  0.04461465  0.12591820
  0.04369674  0.12477696
  0.04278721  0.12362904
  0.04188612  0.12247449
  0.04099350  0.12131337
  0.04010941  0.12014574
  0.03923389  0.11897167
  0.03836700  0.11779122
  0.03750877  0.11660446
  0.03665925  0.11541144
  0.03581850  0.11421224
  0.03498655  0.11300691
  0.03416345  0.11179551
  0.03334924  0.11057813
  0.03254396  0.10935481
  0.03174767  0.10812563
  0.03096040  0.10689066
  0.03018219  0.10564995
  0.02941309  0.10440357
  0.02865314  0.10315160
  0.02790237  0.10189409
  0.02716084  0.10063113
  0.02642857  0.09936276
  0.02570561  0.09808907
  0.02499199  0.09681011
  0.02428777  0.09552597
  0.02359296  0.09423670
  0.02290761  0.09294238
  0.02223176  0.09164308
  0.02156544  0.09033886
  0.02090870  0.08902980
  0.02026155  0.08771596
  0.01962404  0.08639742
  0.01899621  0.08507424
  0.01837808  0.08374651
  0.01776969  0.08241428
  0.01717107  0.08107764
  0.01658226  0.07973664
  0.01600328  0.07839137
  0.01543417  0.07704190
  0.01487496  0.07568829
  0.01432567  0.07433063
  0.01378634  0.07296898
  0.01325699  0.07160342
  0.01273766  0.07023402
  0.01222837  0.06886085
  0.01172915  0.06748399
  0.01124003  0.06610351
  0.01076103  0.06471948
  0.01029217  0.06333199
  0.00983349  0.06194110
  0.00938501  0.06054689
  0.00894675  0.05914943
  0.00851873  0.05774880
  0.00810098  0.05634507
  0.00769352  0.05493832
  0.00729638  0.05352862
  0.00690956  0.05211606
  0.00653311  0.05070070
  0.00616702  0.04928262
  0.00581133  0.04786190
  0.00546606  0.04643861
  0.00513121  0.04501283
  0.00480682  0.04358464
  0.00449289  0.04215411
  0.00418944  0.04072132
  0.00389650  0.03928635
  0.00361407  0.03784926
  0.00334217  0.03641015
  0.00308082  0.03496909
  0.00283003  0.03352615
  0.00258981  0.03208142
  0.00236018  0.03063496
  0.00214114  0.02918686
  0.00193272  0.02773720
  0.00173492  0.02628605
  0.00154774  0.02483349
  0.00137121  0.02337960
  0.00120534  0.02192445
  0.00105012  0.02046813
  0.00090557  0.01901071
  0.00077169  0.01755227
  0.00064850  0.01609289
  0.00053600  0.01463265
  0.00043420  0.01317162
  0.00034310  0.01170989
  0.00026270  0.01024752
  0.00019302  0.00878461
  0.00013405  0.00732123
  0.00008579  0.00585746
  0.00004826  0.00439337
  0.00002145  0.00292904
  0.00000536  0.00146456
  0.00000000  0.00000000
  0.00000536  -0.00146456
  0.00002145  -0.00292904
  0.00004826  -0.00439337
  0.00008579  -0.00585746
  0.00013405  -0.00732123
  0.00019302  -0.00878461
  0.00026270  -0.01024752
  0.00034310  -0.01170989
  0.00043420  -0.01317162
  0.00053600  -0.01463265
  0.00064850  -0.01609289
  0.00077169  -0.01755227
  0.00090557  -0.01901071
  0.00105012  -0.02046813
  0.00120534  -0.02192445
  0.00137121  -0.02337960
  0.00154774  -0.02483349
  0.00173492  -0.02628605
  0.00193272  -0.02773720
  0.00214114  -0.02918686
  0.00236018  -0.03063496
  0.00258981  -0.03208142
  0.00283003  -0.03352615
  0.00308082  -0.03496909
  0.00334217  -0.03641015
  0.00361407  -0.03784926
  0.00389650  -0.03928635
  0.00418944  -0.04072132
  0.00449289  -0.04215411
  0.00480682  -0.04358464
  0.00513121  -0.04501283
  0.00546606  -0.04643861
  0.00581133  -0.04786190
  0.00616702  -0.04928262
  0.00653311  -0.05070070
  0.00690956  -0.05211606
  0.00729638  -0.05352862
  0.00769352  -0.05493832
  0.00810098  -0.05634507
  0.00851873  -0.05774880
  0.00894675  -0.05914943
  0.00938501  -0.06054689
  0.00983349  -0.06194110
  0.01029217  -0.06333199
  0.01076103  -0.06471948
  0.01124003  -0.06610351
  0.01172915  -0.06748399
  0.01222837  -0.06886085
  0.01273766  -0.07023402
  0.01325699  -0.07160342
  0.01378634  -0.07296898
  0.01432567  -0.07433063
  0.01487496  -0.07568829
  0.01543417  -0.07704190
  0.01600328  -0.07839137
  0.01658226  -0.07973664
  0.01717107  -0.08107764
  0.01776969  -0.08241428
  0.01837808  -0.08374651
  0.01899621  -0.08507424
  0.01962404  -0.08639742
  0.02026155  -0.08771596
  0.02090870  -0.08902980
  0.02156544  -0.09033886
  0.02223176  -0.09164308
  0.02290761  -0.09294238
  0.02359296  -0.09423670
  0.02428777  -0.09552597
  0.02499199  -0.09681011
  0.02570561  -0.09808907
  0.02642857  -0.09936276
  0.02716084  -0.10063113
  0.02790237  -0.10189409
  0.02865314  -0.10315160
  0.02941309  -0.10440357
  0.03018219  -0.10564995
  0.03096040  -0.10689066
  0.03174767  -0.10812563
  0.03254396  -0.10935481
  0.03334924  -0.11057813
  0.03416345  -0.11179551
  0.03498655  -0.11300691
  0.03581850  -0.11421224
  0.03665925  -0.11541144
  0.03750877  -0.11660446
  0.03836700  -0.11779122
  0.03923389  -0.11897167
  0.04010941  -0.12014574
  0.04099350  -0.12131337
  0.04188612  -0.12247449
  0.04278721  -0.12362904
  0.04369674  -0.12477696
  0.04461465  -0.12591820
  0.04554089  -0.12705268
  0.04647541  -0.12818034
  0.04741817  -0.12930114
  0.04836910  -0.13041500
  0.04932817  -0.13152186
  0.05029532  -0.13262168
  0.05127050  -0.13371438
  0.05225365  -0.13479991
  0.05324472  -0.13587821
  0.05424367  -0.13694923
  0.05525043  -0.13801290
  0.05626495  -0.13906917
  0.05728718  -0.14011799
  0.05831706  -0.14115929
  0.05935454  -0.14219302
  0.06039956  -0.14321913
  0.06145207  -0.14423755
  0.06251201  -0.14524824
  0.06357932  -0.14625115
  0.06465395  -0.14724621
  0.06573583  -0.14823337
  0.06682491  -0.14921259
  0.06792114  -0.15018380
  0.06902444  -0.15114696
  0.07013478  -0.15210202
  0.07125207  -0.15304892
  0.07237627  -0.15398761
  0.07350731  -0.15491804
  0.07464514  -0.15584017
  0.07578969  -0.15675394
  0.07694089  -0.15765930
  0.07809870  -0.15855621
  0.07926305  -0.15944462
  0.08043386  -0.16032448
  0.08161109  -0.16119574
  0.08279467  -0.16205836
  0.08398454  -0.16291228
  0.08518062  -0.16375747
  0.08638286  -0.16459388
  0.08759120  -0.16542147
  0.08880556  -0.16624018
  0.09002589  -0.16704998
  0.09125211  -0.16785081
  0.09248416  -0.16864265
  0.09372198  -0.16942545
  0.09496550  -0.17019916
  0.09621465  -0.17096374
  0.09746937  -0.17171916
  0.09872958  -0.17246537
  0.09999523  -0.17320232
  0.10126623  -0.17393000
  0.10254254  -0.17464834
  0.10382406  -0.17535732
  0.10511075  -0.17605689
  0.10640252  -0.17674703
  0.10769932  -0.17742769
  0.10900106  -0.17809883
  0.11030768  -0.17876042
  0.11161911  -0.17941243
  0.11293528  -0.18005481
  0.11425612  -0.18068754
  0.11558156  -0.18131058
  0.11691153  -0.18192390
  0.11824595  -0.18252746
  0.11958475  -0.18312124
  0.12092787  -0.18370519
  0.12227523  -0.18427930
  0.12362675  -0.18484352
  0.12498237  -0.18539783
  0.12634201  -0.18594220
  0.12770561  -0.18647660
  0.12907308  -0.18700099
  0.13044435  -0.18751536
  0.13181935  -0.18801968
  0.13319801  -0.18851391
  0.13458025  -0.18899803
  0.13596600  -0.18947202
  0.13735518  -0.18993585
  0.13874773  -0.19038949
  0.14014355  -0.19083293
  0.14154259  -0.19126613
  0.14294476  -0.19168907
  0.14434999  -0.19210173
  0.14575821  -0.19250410
  0.14716933  -0.19289614
  0.14858329  -0.19327784
  0.15000000  -0.19364917
  0.15236111  -0.19311125
  0.15472222  -0.19257334
  0.15708333  -0.19203542
  0.15944444  -0.19149751
  0.16180556  -0.19095960
  0.16416667  -0.19042168
  0.16652778  -0.18988377
  0.16888889  -0.18934585
  0.17125000  -0.18880794
  0.17361111  -0.18827002
  0.17597222  -0.18773211
  0.17833333  -0.18719420
  0.18069444  -0.18665628
  0.18305556  -0.18611837
  0.18541667  -0.18558045
  0.18777778  -0.18504254
  0.19013889  -0.18450462
  0.19250000  -0.18396671
  0.19486111  -0.18342879
  0.19722222  -0.18289088
  0.19958333  -0.18235297
  0.20194444  -0.18181505
  0.20430556  -0.18127714
  0.20666667  -0.18073922
  0.20902778  -0.18020131
  0.21138889  -0.17966339
  0.21375000  -0.17912548
  0.21611111  -0.17858757
  0.21847222  -0.17804965
  0.22083333  -0.17751174
  0.22319444  -0.17697382
  0.22555556  -0.17643591
  0.22791667  -0.17589799
  0.23027778  -0.17536008
  0.23263889  -0.17482216
  0.23500000  -0.17428425
  0.23736111  -0.17374634
  0.23972222  -0.17320842
  0.24208333  -0.17267051
  0.24444444  -0.17213259
  0.24680556  -0.17159468
  0.24916667  -0.17105676
  0.25152778  -0.17051885
  0.25388889  -0.16998094
  0.25625000  -0.16944302
  0.25861111  -0.16890511
  0.26097222  -0.16836719
  0.26333333  -0.16782928
  0.26569444  -0.16729136
  0.26805556  -0.16675345
  0.27041667  -0.16621554
  0.27277778  -0.16567762
  0.27513889  -0.16513971
  0.27750000  -0.16460179
  0.27986111  -0.16406388
  0.28222222  -0.16352596
  0.28458333  -0.16298805
  0.28694444  -0.16245013
  0.28930556  -0.16191222
  0.29166667  -0.16137431
  0.29402778  -0.16083639
  0.29638889  -0.16029848
  0.29875000  -0.15976056
  0.30111111  -0.15922265
  0.30347222  -0.15868473
  0.30583333  -0.15814682
  0.30819444  -0.15760891
  0.31055556  -0.15707099
  0.31291667  -0.15653308
  0.31527778  -0.15599516
  0.31763889  -0.15545725
  0.32000000  -0.15491933
  0.32236111  -0.15438142
  0.32472222  -0.15384351
  0.32708333  -0.15330559
  0.32944444  -0.15276768
  0.33180556  -0.15222976
  0.33416667  -0.15169185
  0.33652778  -0.15115393
  0.33888889  -0.15061602
  0.34125000  -0.15007810
  0.34361111  -0.14954019
  0.34597222  -0.14900228
  0.34833333  -0.14846436
  0.35069444  -0.14792645
  0.35305556  -0.14738853
  0.35541667  -0.14685062
  0.35777778  -0.14631270
  0.36013889  -0.14577479
  0.36250000  -0.14523688
  0.36486111  -0.14469896
  0.36722222  -0.14416105
  0.36958333  -0.14362313
  0.37194444  -0.14308522
  0.37430556  -0.14254730
  0.37666667  -0.14200939
  0.37902778  -0.14147148
  0.38138889  -0.14093356
  0.38375000  -0.14039565
  0.38611111  -0.13985773
  0.38847222  -0.13931982
  0.39083333  -0.13878190
  0.39319444  -0.13824399
  0.39555556  -0.13770607
  0.39791667  -0.13716816
  0.40027778  -0.13663025
  0.40263889  -0.13609233
  0.40500000  -0.13555442
  0.40736111  -0.13501650
  0.40972222  -0.13447859
  0.41208333  -0.13394067
  0.41444444  -0.13340276
  0.41680556  -0.13286485
  0.41916667  -0.13232693
  0.42152778  -0.13178902
  0.42388889  -0.13125110
  0.42625000  -0.13071319
  0.42861111  -0.13017527
  0.43097222  -0.12963736
  0.43333333  -0.12909944
  0.43569444  -0.12856153
  0.43805556  -0.12802362
  0.44041667  -0.12748570
  0.44277778  -0.12694779
  0.44513889  -0.12640987
  0.44750000  -0.12587196
  0.44986111  -0.12533404
  0.45222222  -0.12479613
  0.45458333  -0.12425822
  0.45694444  -0.12372030
  0.45930556  -0.12318239
  0.46166667  -0.12264447
  0.46402778  -0.12210656
  0.46638889  -0.12156864
  0.46875000  -0.12103073
  0.47111111  -0.12049282
  0.47347222  -0.11995490
  0.47583333  -0.11941699
  0.47819444  -0.11887907
  0.48055556  -0.11834116
  0.48291667  -0.11780324
  0.48527778  -0.11726533
  0.48763889  -0.11672741
  0.49000000  -0.11618950
  0.49236111  -0.11565159
  0.49472222  -0.11511367
  0.49708333  -0.11457576
  0.49944444  -0.11403784
  0.50180556  -0.11349993
  0.50416667  -0.11296201
  0.50652778  -0.11242410
  0.50888889  -0.11188619
  0.51125000  -0.11134827
  0.51361111  -0.11081036
  0.51597222  -0.11027244
  0.51833333  -0.10973453
  0.52069444  -0.10919661
  0.52305556  -0.10865870
  0.52541667  -0.10812079
  0.52777778  -0.10758287
  0.53013889  -0.10704496
  0.53250000  -0.10650704
  0.53486111  -0.10596913
  0.53722222  -0.10543121
  0.53958333  -0.10489330
  0.54194444  -0.10435538
  0.54430556  -0.10381747
  0.54666667  -0.10327956
  0.54902778  -0.10274164
  0.55138889  -0.10220373
  0.55375000  -0.10166581
  0.55611111  -0.10112790
  0.55847222  -0.10058998
  0.56083333  -0.10005207
  0.56319444  -0.09951416
  0.56555556  -0.09897624
  0.56791667  -0.09843833
  0.57027778  -0.09790041
  0.57263889  -0.09736250
  0.57500000  -0.09682458
  0.57736111  -0.09628667
  0.57972222  -0.09574875
  0.58208333  -0.09521084
  0.58444444  -0.09467293
  0.58680556  -0.09413501
  0.58916667  -0.09359710
  0.59152778  -0.09305918
  0.59388889  -0.09252127
  0.59625000  -0.09198335
  0.59861111  -0.09144544
  0.60097222  -0.09090753
  0.60333333  -0.09036961
  0.60569444  -0.08983170
  0.60805556  -0.08929378
  0.61041667  -0.08875587
  0.61277778  -0.08821795
  0.61513889  -0.08768004
  0.61750000  -0.08714213
  0.61986111  -0.08660421
  0.62222222  -0.08606630
  0.62458333  -0.08552838
  0.62694444  -0.08499047
  0.62930556  -0.08445255
  0.63166667  -0.08391464
  0.63402778  -0.08337672
  0.63638889  -0.08283881
  0.63875000  -0.08230090
  0.64111111  -0.08176298
  0.64347222  -0.08122507
  0.64583333  -0.08068715
  0.64819444  -0.08014924
  0.65055556  -0.07961132
  0.65291667  -0.07907341
  0.65527778  -0.07853550
  0.65763889  -0.07799758
  0.66000000  -0.07745967
  0.66236111  -0.07692175
  0.66472222  -0.07638384
  0.66708333  -0.07584592
  0.66944444  -0.07530801
  0.67180556  -0.07477010
  0.67416667  -0.07423218
  0.67652778  -0.07369427
  0.67888889  -0.07315635
  0.68125000  -0.07261844
  0.68361111  -0.07208052
  0.68597222  -0.07154261
  0.68833333  -0.07100469
  0.69069444  -0.07046678
  0.69305556  -0.06992887
  0.69541667  -0.06939095
  0.69777778  -0.06885304
  0.70013889  -0.06831512
  0.70250000  -0.06777721
  0.70486111  -0.06723929
  0.70722222  -0.06670138
  0.70958333  -0.06616347
  0.71194444  -0.06562555
  0.71430556  -0.06508764
  0.71666667  -0.06454972
  0.71902778  -0.06401181
  0.72138889  -0.06347389
  0.72375000  -0.06293598
  0.72611111  -0.06239807
  0.72847222  -0.06186015
  0.73083333  -0.06132224
  0.73319444  -0.06078432
  0.73555556  -0.06024641
  0.73791667  -0.05970849
  0.74027778  -0.05917058
  0.74263889  -0.05863266
  0.74500000  -0.05809475
  0.74736111  -0.05755684
  0.74972222  -0.05701892
  0.75208333  -0.05648101
  0.75444444  -0.05594309
  0.75680556  -0.05540518
  0.75916667  -0.05486726
  0.76152778  -0.05432935
  0.76388889  -0.05379144
  0.76625000  -0.05325352
  0.76861111  -0.05271561
  0.77097222  -0.05217769
  0.77333333  -0.05163978
  0.77569444  -0.05110186
  0.77805556  -0.05056395
  0.78041667  -0.05002603
  0.78277778  -0.04948812
  0.78513889  -0.04895021
  0.78750000  -0.04841229
  0.78986111  -0.04787438
  0.79222222  -0.04733646
  0.79458333  -0.04679855
  0.79694444  -0.04626063
  0.79930556  -0.04572272
  0.80166667  -0.04518481
  0.80402778  -0.04464689
  0.80638889  -0.04410898
  0.80875000  -0.04357106
  0.81111111  -0.04303315
  0.81347222  -0.04249523
  0.81583333  -0.04195732
  0.81819444  -0.04141941
  0.82055556  -0.04088149
  0.82291667  -0.04034358
  0.82527778  -0.03980566
  0.82763889  -0.03926775
  0.83000000  -0.03872983
  0.83236111  -0.03819192
  0.83472222  -0.03765400
  0.83708333  -0.03711609
  0.83944444  -0.03657818
  0.84180556  -0.03604026
  0.84416667  -0.03550235
  0.84652778  -0.03496443
  0.84888889  -0.03442652
  0.85125000  -0.03388860
  0.85361111  -0.03335069
  0.85597222  -0.03281278
  0.85833333  -0.03227486
  0.86069444  -0.03173695
  0.86305556  -0.03119903
  0.86541667  -0.03066112
  0.86777778  -0.03012320
  0.87013889  -0.02958529
  0.87250000  -0.02904738
  0.87486111  -0.02850946
  0.87722222  -0.02797155
  0.87958333  -0.02743363
  0.88194444  -0.02689572
  0.88430556  -0.02635780
  0.88666667  -0.02581989
  0.88902778  -0.02528197
  0.89138889  -0.02474406
  0.89375000  -0.02420615
  0.89611111  -0.02366823
  0.89847222  -0.02313032
  0.90083333  -0.02259240
  0.90319444  -0.02205449
  0.90555556  -0.02151657
  0.90791667  -0.02097866
  0.91027778  -0.02044075
  0.91263889  -0.01990283
  0.91500000  -0.01936492
  0.91736111  -0.01882700
  0.91972222  -0.01828909
  0.92208333  -0.01775117
  0.92444444  -0.01721326
  0.92680556  -0.01667534
  0.92916667  -0.01613743
  0.93152778  -0.01559952
  0.93388889  -0.01506160
  0.93625000  -0.01452369
  0.93861111  -0.01398577
  0.94097222  -0.01344786
  0.94333333  -0.01290994
  0.94569444  -0.01237203
  0.94805556  -0.01183412
  0.95041667  -0.01129620
  0.95277778  -0.01075829
  0.95513889  -0.01022037
  0.95750000  -0.00968246
  0.95986111  -0.00914454
  0.96222222  -0.00860663
  0.96458333  -0.00806872
  0.96694444  -0.00753080
  0.96930556  -0.00699289
  0.97166667  -0.00645497
  0.97402778  -0.00591706
  0.97638889  -0.00537914
  0.97875000  -0.00484123
  0.98111111  -0.00430331
  0.98347222  -0.00376540
  0.98583333  -0.00322749
  0.98819444  -0.00268957
  0.99055556  -0.00215166
  0.99291667  -0.00161374
  0.99527778  -0.00107583
  0.99763889  -0.00053791
  1.00000000  0.00000000
