cuadrado L=1
  1.00000000  0.00000000
  1.00000000  0.00125000
  1.00000000  0.00250000
  1.00000000  0.00375000
  1.00000000  0.00500000
  1.00000000  0.00625000
  1.00000000  0.00750000
  1.00000000  0.00875000
  1.00000000  0.01000000
  1.00000000  0.01125000
  1.00000000  0.01250000
  1.00000000  0.01375000
  1.00000000  0.01500000
  1.00000000  0.01625000
  1.00000000  0.01750000
  1.00000000  0.01875000
  1.00000000  0.02000000
  1.00000000  0.02125000
  1.00000000  0.02250000
  1.00000000  0.02375000
  1.00000000  0.02500000
  1.00000000  0.02625000
  1.00000000  0.02750000
  1.00000000  0.02875000
  1.00000000  0.03000000
  1.00000000  0.03125000
  1.00000000  0.03250000
  1.00000000  0.03375000
  1.00000000  0.03500000
  1.00000000  0.03625000
  1.00000000  0.03750000
  1.00000000  0.03875000
  1.00000000  0.04000000
  1.00000000  0.04125000
  1.00000000  0.04250000
  1.00000000  0.04375000
  1.00000000  0.04500000
  1.00000000  0.04625000
  1.00000000  0.04750000
  1.00000000  0.04875000
  1.00000000  0.05000000
  1.00000000  0.05125000
  1.00000000  0.05250000
  1.00000000  0.05375000
  1.00000000  0.05500000
  1.00000000  0.05625000
  1.00000000  0.05750000
  1.00000000  0.05875000
  1.00000000  0.06000000
  1.00000000  0.06125000
  1.00000000  0.06250000
  1.00000000  0.06375000
  1.00000000  0.06500000
  1.00000000  0.06625000
  1.00000000  0.06750000
  1.00000000  0.06875000
  1.00000000  0.07000000
  1.00000000  0.07125000
  1.00000000  0.07250000
  1.00000000  0.07375000
  1.00000000  0.07500000
  1.00000000  0.07625000
  1.00000000  0.07750000
  1.00000000  0.07875000
  1.00000000  0.08000000
  1.00000000  0.08125000
  1.00000000  0.08250000
  1.00000000  0.08375000
  1.00000000  0.08500000
  1.00000000  0.08625000
  1.00000000  0.08750000
  1.00000000  0.08875000
  1.00000000  0.09000000
  1.00000000  0.09125000
  1.00000000  0.09250000
  1.00000000  0.09375000
  1.00000000  0.09500000
  1.00000000  0.09625000
  1.00000000  0.09750000
  1.00000000  0.09875000
  1.00000000  0.10000000
  1.00000000  0.10125000
  1.00000000  0.10250000
  1.00000000  0.10375000
  1.00000000  0.10500000
  1.00000000  0.10625000
  1.00000000  0.10750000
  1.00000000  0.10875000
  1.00000000  0.11000000
  1.00000000  0.11125000
  1.00000000  0.11250000
  1.00000000  0.11375000
  1.00000000  0.11500000
  1.00000000  0.11625000
  1.00000000  0.11750000
  1.00000000  0.11875000
  1.00000000  0.12000000
  1.00000000  0.12125000
  1.00000000  0.12250000
  1.00000000  0.12375000
  1.00000000  0.12500000
  1.00000000  0.12625000
  1.00000000  0.12750000
  1.00000000  0.12875000
  1.00000000  0.13000000
  1.00000000  0.13125000
  1.00000000  0.13250000
  1.00000000  0.13375000
  1.00000000  0.13500000
  1.00000000  0.13625000
  1.00000000  0.13750000
  1.00000000  0.13875000
  1.00000000  0.14000000
  1.00000000  0.14125000
  1.00000000  0.14250000
  1.00000000  0.14375000
  1.00000000  0.14500000
  1.00000000  0.14625000
  1.00000000  0.14750000
  1.00000000  0.14875000
  1.00000000  0.15000000
  1.00000000  0.15125000
  1.00000000  0.15250000
  1.00000000  0.15375000
  1.00000000  0.15500000
  1.00000000  0.15625000
  1.00000000  0.15750000
  1.00000000  0.15875000
  1.00000000  0.16000000
  1.00000000  0.16125000
  1.00000000  0.16250000
  1.00000000  0.16375000
  1.00000000  0.16500000
  1.00000000  0.16625000
  1.00000000  0.16750000
  1.00000000  0.16875000
  1.00000000  0.17000000
  1.00000000  0.17125000
  1.00000000  0.17250000
  1.00000000  0.17375000
  1.00000000  0.17500000
  1.00000000  0.17625000
  1.00000000  0.17750000
  1.00000000  0.17875000
  1.00000000  0.18000000
  1.00000000  0.18125000
  1.00000000  0.18250000
  1.00000000  0.18375000
  1.00000000  0.18500000
  1.00000000  0.18625000
  1.00000000  0.18750000
  1.00000000  0.18875000
  1.00000000  0.19000000
  1.00000000  0.19125000
  1.00000000  0.19250000
  1.00000000  0.19375000
  1.00000000  0.19500000
  1.00000000  0.19625000
  1.00000000  0.19750000
  1.00000000  0.19875000
  1.00000000  0.20000000
  1.00000000  0.20125000
  1.00000000  0.20250000
  1.00000000  0.20375000
  1.00000000  0.20500000
  1.00000000  0.20625000
  1.00000000  0.20750000
  1.00000000  0.20875000
  1.00000000  0.21000000
  1.00000000  0.21125000
  1.00000000  0.21250000
  1.00000000  0.21375000
  1.00000000  0.21500000
  1.00000000  0.21625000
  1.00000000  0.21750000
  1.00000000  0.21875000
  1.00000000  0.22000000
  1.00000000  0.22125000
  1.00000000  0.22250000
  1.00000000  0.22375000
  1.00000000  0.22500000
  1.00000000  0.22625000
  1.00000000  0.22750000
  1.00000000  0.22875000
  1.00000000  0.23000000
  1.00000000  0.23125000
  1.00000000  0.23250000
  1.00000000  0.23375000
  1.00000000  0.23500000
  1.00000000  0.23625000
  1.00000000  0.23750000
  1.00000000  0.23875000
  1.00000000  0.24000000
  1.00000000  0.24125000
  1.00000000  0.24250000
  1.00000000  0.24375000
  1.00000000  0.24500000
  1.00000000  0.24625000
  1.00000000  0.24750000
  1.00000000  0.24875000
  1.00000000  0.25000000
  1.00000000  0.25125000
  1.00000000  0.25250000
  1.00000000  0.25375000
  1.00000000  0.25500000
  1.00000000  0.25625000
  1.00000000  0.25750000
  1.00000000  0.25875000
  1.00000000  0.26000000
  1.00000000  0.26125000
  1.00000000  0.26250000
  1.00000000  0.26375000
  1.00000000  0.26500000
  1.00000000  0.26625000
  1.00000000  0.26750000
  1.00000000  0.26875000
  1.00000000  0.27000000
  1.00000000  0.27125000
  1.00000000  0.27250000
  1.00000000  0.27375000
  1.00000000  0.27500000
  1.00000000  0.27625000
  1.00000000  0.27750000
  1.00000000  0.27875000
  1.00000000  0.28000000
  1.00000000  0.28125000
  1.00000000  0.28250000
  1.00000000  0.28375000
  1.00000000  0.28500000
  1.00000000  0.28625000
  1.00000000  0.28750000
  1.00000000  0.28875000
  1.00000000  0.29000000
  1.00000000  0.29125000
  1.00000000  0.29250000
  1.00000000  0.29375000
  1.00000000  0.29500000
  1.00000000  0.29625000
  1.00000000  0.29750000
  1.00000000  0.29875000
  1.00000000  0.30000000
  1.00000000  0.30125000
  1.00000000  0.30250000
  1.00000000  0.30375000
  1.00000000  0.30500000
  1.00000000  0.30625000
  1.00000000  0.30750000
  1.00000000  0.30875000
  1.00000000  0.31000000
  1.00000000  0.31125000
  1.00000000  0.31250000
  1.00000000  0.31375000
  1.00000000  0.31500000
  1.00000000  0.31625000
  1.00000000  0.31750000
  1.00000000  0.31875000
  1.00000000  0.32000000
  1.00000000  0.32125000
  1.00000000  0.32250000
  1.00000000  0.32375000
  1.00000000  0.32500000
  1.00000000  0.32625000
  1.00000000  0.32750000
  1.00000000  0.32875000
  1.00000000  0.33000000
  1.00000000  0.33125000
  1.00000000  0.33250000
  1.00000000  0.33375000
  1.00000000  0.33500000
  1.00000000  0.33625000
  1.00000000  0.33750000
  1.00000000  0.33875000
  1.00000000  0.34000000
  1.00000000  0.34125000
  1.00000000  0.34250000
  1.00000000  0.34375000
  1.00000000  0.34500000
  1.00000000  0.34625000
  1.00000000  0.34750000
  1.00000000  0.34875000
  1.00000000  0.35000000
  1.00000000  0.35125000
  1.00000000  0.35250000
  1.00000000  0.35375000
  1.00000000  0.35500000
  1.00000000  0.35625000
  1.00000000  0.35750000
  1.00000000  0.35875000
  1.00000000  0.36000000
  1.00000000  0.36125000
  1.00000000  0.36250000
  1.00000000  0.36375000
  1.00000000  0.36500000
  1.00000000  0.36625000
  1.00000000  0.36750000
  1.00000000  0.36875000
  1.00000000  0.37000000
  1.00000000  0.37125000
  1.00000000  0.37250000
  1.00000000  0.37375000
  1.00000000  0.37500000
  1.00000000  0.37625000
  1.00000000  0.37750000
  1.00000000  0.37875000
  1.00000000  0.38000000
  1.00000000  0.38125000
  1.00000000  0.38250000
  1.00000000  0.38375000
  1.00000000  0.38500000
  1.00000000  0.38625000
  1.00000000  0.38750000
  1.00000000  0.38875000
  1.00000000  0.39000000
  1.00000000  0.39125000
  1.00000000  0.39250000
  1.00000000  0.39375000
  1.00000000  0.39500000
  1.00000000  0.39625000
  1.00000000  0.39750000
  1.00000000  0.39875000
  1.00000000  0.40000000
  1.00000000  0.40125000
  1.00000000  0.40250000
  1.00000000  0.40375000
  1.00000000  0.40500000
  1.00000000  0.40625000
  1.00000000  0.40750000
  1.00000000  0.40875000
  1.00000000  0.41000000
  1.00000000  0.41125000
  1.00000000  0.41250000
  1.00000000  0.41375000
  1.00000000  0.41500000
  1.00000000  0.41625000
  1.00000000  0.41750000
  1.00000000  0.41875000
  1.00000000  0.42000000
  1.00000000  0.42125000
  1.00000000  0.42250000
  1.00000000  0.42375000
  1.00000000  0.42500000
  1.00000000  0.42625000
  1.00000000  0.42750000
  1.00000000  0.42875000
  1.00000000  0.43000000
  1.00000000  0.43125000
  1.00000000  0.43250000
  1.00000000  0.43375000
  1.00000000  0.43500000
  1.00000000  0.43625000
  1.00000000  0.43750000
  1.00000000  0.43875000
  1.00000000  0.44000000
  1.00000000  0.44125000
  1.00000000  0.44250000
  1.00000000  0.44375000
  1.00000000  0.44500000
  1.00000000  0.44625000
  1.00000000  0.44750000
  1.00000000  0.44875000
  1.00000000  0.45000000
  1.00000000  0.45125000
  1.00000000  0.45250000
  1.00000000  0.45375000
  1.00000000  0.45500000
  1.00000000  0.45625000
  1.00000000  0.45750000
  1.00000000  0.45875000
  1.00000000  0.46000000
  1.00000000  0.46125000
  1.00000000  0.46250000
  1.00000000  0.46375000
  1.00000000  0.46500000
  1.00000000  0.46625000
  1.00000000  0.46750000
  1.00000000  0.46875000
  1.00000000  0.47000000
  1.00000000  0.47125000
  1.00000000  0.47250000
  1.00000000  0.47375000
  1.00000000  0.47500000
  1.00000000  0.47625000
  1.00000000  0.47750000
  1.00000000  0.47875000
  1.00000000  0.48000000
  1.00000000  0.48125000
  1.00000000  0.48250000
  1.00000000  0.48375000
  1.00000000  0.48500000
  1.00000000  0.48625000
  1.00000000  0.48750000
  1.00000000  0.48875000
  1.00000000  0.49000000
  1.00000000  0.49125000
  1.00000000  0.49250000
  1.00000000  0.49375000
  1.00000000  0.49500000
  1.00000000  0.49625000
  1.00000000  0.49750000
  1.00000000  0.49875000
  1.00000000  0.50000000
  0.99750000  0.50000000
  0.99500000  0.50000000
  0.99250000  0.50000000
  0.99000000  0.50000000
  0.98750000  0.50000000
  0.98500000  0.50000000
  0.98250000  0.50000000
  0.98000000  0.50000000
  0.97750000  0.50000000
  0.97500000  0.50000000
  0.97250000  0.50000000
  0.97000000  0.50000000
  0.96750000  0.50000000
  0.96500000  0.50000000
  0.96250000  0.50000000
  0.96000000  0.50000000
  0.95750000  0.50000000
  0.95500000  0.50000000
  0.95250000  0.50000000
  0.95000000  0.50000000
  0.94750000  0.50000000
  0.94500000  0.50000000
  0.94250000  0.50000000
  0.94000000  0.50000000
  0.93750000  0.50000000
  0.93500000  0.50000000
  0.93250000  0.50000000
  0.93000000  0.50000000
  0.92750000  0.50000000
  0.92500000  0.50000000
  0.92250000  0.50000000
  0.92000000  0.50000000
  0.91750000  0.50000000
  0.91500000  0.50000000
  0.91250000  0.50000000
  0.91000000  0.50000000
  0.90750000  0.50000000
  0.90500000  0.50000000
  0.90250000  0.50000000
  0.90000000  0.50000000
  0.89750000  0.50000000
  0.89500000  0.50000000
  0.89250000  0.50000000
  0.89000000  0.50000000
  0.88750000  0.50000000
  0.88500000  0.50000000
  0.88250000  0.50000000
  0.88000000  0.50000000
  0.87750000  0.50000000
  0.87500000  0.50000000
  0.87250000  0.50000000
  0.87000000  0.50000000
  0.86750000  0.50000000
  0.86500000  0.50000000
  0.86250000  0.50000000
  0.86000000  0.50000000
  0.85750000  0.50000000
  0.85500000  0.50000000
  0.85250000  0.50000000
  0.85000000  0.50000000
  0.84750000  0.50000000
  0.84500000  0.50000000
  0.84250000  0.50000000
  0.84000000  0.50000000
  0.83750000  0.50000000
  0.83500000  0.50000000
  0.83250000  0.50000000
  0.83000000  0.50000000
  0.82750000  0.50000000
  0.82500000  0.50000000
  0.82250000  0.50000000
  0.82000000  0.50000000
  0.81750000  0.50000000
  0.81500000  0.50000000
  0.81250000  0.50000000
  0.81000000  0.50000000
  0.80750000  0.50000000
  0.80500000  0.50000000
  0.80250000  0.50000000
  0.80000000  0.50000000
  0.79750000  0.50000000
  0.79500000  0.50000000
  0.79250000  0.50000000
  0.79000000  0.50000000
  0.78750000  0.50000000
  0.78500000  0.50000000
  0.78250000  0.50000000
  0.78000000  0.50000000
  0.77750000  0.50000000
  0.77500000  0.50000000
  0.77250000  0.50000000
  0.77000000  0.50000000
  0.76750000  0.50000000
  0.76500000  0.50000000
  0.76250000  0.50000000
  0.76000000  0.50000000
  0.75750000  0.50000000
  0.75500000  0.50000000
  0.75250000  0.50000000
  0.75000000  0.50000000
  0.74750000  0.50000000
  0.74500000  0.50000000
  0.74250000  0.50000000
  0.74000000  0.50000000
  0.73750000  0.50000000
  0.73500000  0.50000000
  0.73250000  0.50000000
  0.73000000  0.50000000
  0.72750000  0.50000000
  0.72500000  0.50000000
  0.72250000  0.50000000
  0.72000000  0.50000000
  0.71750000  0.50000000
  0.71500000  0.50000000
  0.71250000  0.50000000
  0.71000000  0.50000000
  0.70750000  0.50000000
  0.70500000  0.50000000
  0.70250000  0.50000000
  0.70000000  0.50000000
  0.69750000  0.50000000
  0.69500000  0.50000000
  0.69250000  0.50000000
  0.69000000  0.50000000
  0.68750000  0.50000000
  0.68500000  0.50000000
  0.68250000  0.50000000
  0.68000000  0.50000000
  0.67750000  0.50000000
  0.67500000  0.50000000
  0.67250000  0.50000000
  0.67000000  0.50000000
  0.66750000  0.50000000
  0.66500000  0.50000000
  0.66250000  0.50000000
  0.66000000  0.50000000
  0.65750000  0.50000000
  0.65500000  0.50000000
  0.65250000  0.50000000
  0.65000000  0.50000000
  0.64750000  0.50000000
  0.64500000  0.50000000
  0.64250000  0.50000000
  0.64000000  0.50000000
  0.63750000  0.50000000
  0.63500000  0.50000000
  0.63250000  0.50000000
  0.63000000  0.50000000
  0.62750000  0.50000000
  0.62500000  0.50000000
  0.62250000  0.50000000
  0.62000000  0.50000000
  0.61750000  0.50000000
  0.61500000  0.50000000
  0.61250000  0.50000000
  0.61000000  0.50000000
  0.60750000  0.50000000
  0.60500000  0.50000000
  0.60250000  0.50000000
  0.60000000  0.50000000
  0.59750000  0.50000000
  0.59500000  0.50000000
  0.59250000  0.50000000
  0.59000000  0.50000000
  0.58750000  0.50000000
  0.58500000  0.50000000
  0.58250000  0.50000000
  0.58000000  0.50000000
  0.57750000  0.50000000
  0.57500000  0.50000000
  0.57250000  0.50000000
  0.57000000  0.50000000
  0.56750000  0.50000000
  0.56500000  0.50000000
  0.56250000  0.50000000
  0.56000000  0.50000000
  0.55750000  0.50000000
  0.55500000  0.50000000
  0.55250000  0.50000000
  0.55000000  0.50000000
  0.54750000  0.50000000
  0.54500000  0.50000000
  0.54250000  0.50000000
  0.54000000  0.50000000
  0.53750000  0.50000000
  0.53500000  0.50000000
  0.53250000  0.50000000
  0.53000000  0.50000000
  0.52750000  0.50000000
  0.52500000  0.50000000
  0.52250000  0.50000000
  0.52000000  0.50000000
  0.51750000  0.50000000
  0.51500000  0.50000000
  0.51250000  0.50000000
  0.51000000  0.50000000
  0.50750000  0.50000000
  0.50500000  0.50000000
  0.50250000  0.50000000
  0.50000000  0.50000000
  0.49750000  0.50000000
  0.49500000  0.50000000
  0.49250000  0.50000000
  0.49000000  0.50000000
  0.48750000  0.50000000
  0.48500000  0.50000000
  0.48250000  0.50000000
  0.48000000  0.50000000
  0.47750000  0.50000000
  0.47500000  0.50000000
  0.47250000  0.50000000
  0.47000000  0.50000000
  0.46750000  0.50000000
  0.46500000  0.50000000
  0.46250000  0.50000000
  0.46000000  0.50000000
  0.45750000  0.50000000
  0.45500000  0.50000000
  0.45250000  0.50000000
  0.45000000  0.50000000
  0.44750000  0.50000000
  0.44500000  0.50000000
  0.44250000  0.50000000
  0.44000000  0.50000000
  0.43750000  0.50000000
  0.43500000  0.50000000
  0.43250000  0.50000000
  0.43000000  0.50000000
  0.42750000  0.50000000
  0.42500000  0.50000000
  0.42250000  0.50000000
  0.42000000  0.50000000
  0.41750000  0.50000000
  0.41500000  0.50000000
  0.41250000  0.50000000
  0.41000000  0.50000000
  0.40750000  0.50000000
  0.40500000  0.50000000
  0.40250000  0.50000000
  0.40000000  0.50000000
  0.39750000  0.50000000
  0.39500000  0.50000000
  0.39250000  0.50000000
  0.39000000  0.50000000
  0.38750000  0.50000000
  0.38500000  0.50000000
  0.38250000  0.50000000
  0.38000000  0.50000000
  0.37750000  0.50000000
  0.37500000  0.50000000
  0.37250000  0.50000000
  0.37000000  0.50000000
  0.36750000  0.50000000
  0.36500000  0.50000000
  0.36250000  0.50000000
  0.36000000  0.50000000
  0.35750000  0.50000000
  0.35500000  0.50000000
  0.35250000  0.50000000
  0.35000000  0.50000000
  0.34750000  0.50000000
  0.34500000  0.50000000
  0.34250000  0.50000000
  0.34000000  0.50000000
  0.33750000  0.50000000
  0.33500000  0.50000000
  0.33250000  0.50000000
  0.33000000  0.50000000
  0.32750000  0.50000000
  0.32500000  0.50000000
  0.32250000  0.50000000
  0.32000000  0.50000000
  0.31750000  0.50000000
  0.31500000  0.50000000
  0.31250000  0.50000000
  0.31000000  0.50000000
  0.30750000  0.50000000
  0.30500000  0.50000000
  0.30250000  0.50000000
  0.30000000  0.50000000
  0.29750000  0.50000000
  0.29500000  0.50000000
  0.29250000  0.50000000
  0.29000000  0.50000000
  0.28750000  0.50000000
  0.28500000  0.50000000
  0.28250000  0.50000000
  0.28000000  0.50000000
  0.27750000  0.50000000
  0.27500000  0.50000000
  0.27250000  0.50000000
  0.27000000  0.50000000
  0.26750000  0.50000000
  0.26500000  0.50000000
  0.26250000  0.50000000
  0.26000000  0.50000000
  0.25750000  0.50000000
  0.25500000  0.50000000
  0.25250000  0.50000000
  0.25000000  0.50000000
  0.24750000  0.50000000
  0.24500000  0.50000000
  0.24250000  0.50000000
  0.24000000  0.50000000
  0.23750000  0.50000000
  0.23500000  0.50000000
  0.23250000  0.50000000
  0.23000000  0.50000000
  0.22750000  0.50000000
  0.22500000  0.50000000
  0.22250000  0.50000000
  0.22000000  0.50000000
  0.21750000  0.50000000
  0.21500000  0.50000000
  0.21250000  0.50000000
  0.21000000  0.50000000
  0.20750000  0.50000000
  0.20500000  0.50000000
  0.20250000  0.50000000
  0.20000000  0.50000000
  0.19750000  0.50000000
  0.19500000  0.50000000
  0.19250000  0.50000000
  0.19000000  0.50000000
  0.18750000  0.50000000
  0.18500000  0.50000000
  0.18250000  0.50000000
  0.18000000  0.50000000
  0.17750000  0.50000000
  0.17500000  0.50000000
  0.17250000  0.50000000
  0.17000000  0.50000000
  0.16750000  0.50000000
  0.16500000  0.50000000
  0.16250000  0.50000000
  0.16000000  0.50000000
  0.15750000  0.50000000
  0.15500000  0.50000000
  0.15250000  0.50000000
  0.15000000  0.50000000
  0.14750000  0.50000000
  0.14500000  0.50000000
  0.14250000  0.50000000
  0.14000000  0.50000000
  0.13750000  0.50000000
  0.13500000  0.50000000
  0.13250000  0.50000000
  0.13000000  0.50000000
  0.12750000  0.50000000
  0.12500000  0.50000000
  0.12250000  0.50000000
  0.12000000  0.50000000
  0.11750000  0.50000000
  0.11500000  0.50000000
  0.11250000  0.50000000
  0.11000000  0.50000000
  0.10750000  0.50000000
  0.10500000  0.50000000
  0.10250000  0.50000000
  0.10000000  0.50000000
  0.09750000  0.50000000
  0.09500000  0.50000000
  0.09250000  0.50000000
  0.09000000  0.50000000
  0.08750000  0.50000000
  0.08500000  0.50000000
  0.08250000  0.50000000
  0.08000000  0.50000000
  0.07750000  0.50000000
  0.07500000  0.50000000
  0.07250000  0.50000000
  0.07000000  0.50000000
  0.06750000  0.50000000
  0.06500000  0.50000000
  0.06250000  0.50000000
  0.06000000  0.50000000
  0.05750000  0.50000000
  0.05500000  0.50000000
  0.05250000  0.50000000
  0.05000000  0.50000000
  0.04750000  0.50000000
  0.04500000  0.50000000
  0.04250000  0.50000000
  0.04000000  0.50000000
  0.03750000  0.50000000
  0.03500000  0.50000000
  0.03250000  0.50000000
  0.03000000  0.50000000
  0.02750000  0.50000000
  0.02500000  0.50000000
  0.02250000  0.50000000
  0.02000000  0.50000000
  0.01750000  0.50000000
  0.01500000  0.50000000
  0.01250000  0.50000000
  0.01000000  0.50000000
  0.00750000  0.50000000
  0.00500000  0.50000000
  0.00250000  0.50000000
  0.00000000  0.50000000
  0.00000000  0.49750000
  0.00000000  0.49500000
  0.00000000  0.49250000
  0.00000000  0.49000000
  0.00000000  0.48750000
  0.00000000  0.48500000
  0.00000000  0.48250000
  0.00000000  0.48000000
  0.00000000  0.47750000
  0.00000000  0.47500000
  0.00000000  0.47250000
  0.00000000  0.47000000
  0.00000000  0.46750000
  0.00000000  0.46500000
  0.00000000  0.46250000
  0.00000000  0.46000000
  0.00000000  0.45750000
  0.00000000  0.45500000
  0.00000000  0.45250000
  0.00000000  0.45000000
  0.00000000  0.44750000
  0.00000000  0.44500000
  0.00000000  0.44250000
  0.00000000  0.44000000
  0.00000000  0.43750000
  0.00000000  0.43500000
  0.00000000  0.43250000
  0.00000000  0.43000000
  0.00000000  0.42750000
  0.00000000  0.42500000
  0.00000000  0.42250000
  0.00000000  0.42000000
  0.00000000  0.41750000
  0.00000000  0.41500000
  0.00000000  0.41250000
  0.00000000  0.41000000
  0.00000000  0.40750000
  0.00000000  0.40500000
  0.00000000  0.40250000
  0.00000000  0.40000000
  0.00000000  0.39750000
  0.00000000  0.39500000
  0.00000000  0.39250000
  0.00000000  0.39000000
  0.00000000  0.38750000
  0.00000000  0.38500000
  0.00000000  0.38250000
  0.00000000  0.38000000
  0.00000000  0.37750000
  0.00000000  0.37500000
  0.00000000  0.37250000
  0.00000000  0.37000000
  0.00000000  0.36750000
  0.00000000  0.36500000
  0.00000000  0.36250000
  0.00000000  0.36000000
  0.00000000  0.35750000
  0.00000000  0.35500000
  0.00000000  0.35250000
  0.00000000  0.35000000
  0.00000000  0.34750000
  0.00000000  0.34500000
  0.00000000  0.34250000
  0.00000000  0.34000000
  0.00000000  0.33750000
  0.00000000  0.33500000
  0.00000000  0.33250000
  0.00000000  0.33000000
  0.00000000  0.32750000
  0.00000000  0.32500000
  0.00000000  0.32250000
  0.00000000  0.32000000
  0.00000000  0.31750000
  0.00000000  0.31500000
  0.00000000  0.31250000
  0.00000000  0.31000000
  0.00000000  0.30750000
  0.00000000  0.30500000
  0.00000000  0.30250000
  0.00000000  0.30000000
  0.00000000  0.29750000
  0.00000000  0.29500000
  0.00000000  0.29250000
  0.00000000  0.29000000
  0.00000000  0.28750000
  0.00000000  0.28500000
  0.00000000  0.28250000
  0.00000000  0.28000000
  0.00000000  0.27750000
  0.00000000  0.27500000
  0.00000000  0.27250000
  0.00000000  0.27000000
  0.00000000  0.26750000
  0.00000000  0.26500000
  0.00000000  0.26250000
  0.00000000  0.26000000
  0.00000000  0.25750000
  0.00000000  0.25500000
  0.00000000  0.25250000
  0.00000000  0.25000000
  0.00000000  0.24750000
  0.00000000  0.24500000
  0.00000000  0.24250000
  0.00000000  0.24000000
  0.00000000  0.23750000
  0.00000000  0.23500000
  0.00000000  0.23250000
  0.00000000  0.23000000
  0.00000000  0.22750000
  0.00000000  0.22500000
  0.00000000  0.22250000
  0.00000000  0.22000000
  0.00000000  0.21750000
  0.00000000  0.21500000
  0.00000000  0.21250000
  0.00000000  0.21000000
  0.00000000  0.20750000
  0.00000000  0.20500000
  0.00000000  0.20250000
  0.00000000  0.20000000
  0.00000000  0.19750000
  0.00000000  0.19500000
  0.00000000  0.19250000
  0.00000000  0.19000000
  0.00000000  0.18750000
  0.00000000  0.18500000
  0.00000000  0.18250000
  0.00000000  0.18000000
  0.00000000  0.17750000
  0.00000000  0.17500000
  0.00000000  0.17250000
  0.00000000  0.17000000
  0.00000000  0.16750000
  0.00000000  0.16500000
  0.00000000  0.16250000
  0.00000000  0.16000000
  0.00000000  0.15750000
  0.00000000  0.15500000
  0.00000000  0.15250000
  0.00000000  0.15000000
  0.00000000  0.14750000
  0.00000000  0.14500000
  0.00000000  0.14250000
  0.00000000  0.14000000
  0.00000000  0.13750000
  0.00000000  0.13500000
  0.00000000  0.13250000
  0.00000000  0.13000000
  0.00000000  0.12750000
  0.00000000  0.12500000
  0.00000000  0.12250000
  0.00000000  0.12000000
  0.00000000  0.11750000
  0.00000000  0.11500000
  0.00000000  0.11250000
  0.00000000  0.11000000
  0.00000000  0.10750000
  0.00000000  0.10500000
  0.00000000  0.10250000
  0.00000000  0.10000000
  0.00000000  0.09750000
  0.00000000  0.09500000
  0.00000000  0.09250000
  0.00000000  0.09000000
  0.00000000  0.08750000
  0.00000000  0.08500000
  0.00000000  0.08250000
  0.00000000  0.08000000
  0.00000000  0.07750000
  0.00000000  0.07500000
  0.00000000  0.07250000
  0.00000000  0.07000000
  0.00000000  0.06750000
  0.00000000  0.06500000
  0.00000000  0.06250000
  0.00000000  0.06000000
  0.00000000  0.05750000
  0.00000000  0.05500000
  0.00000000  0.05250000
  0.00000000  0.05000000
  0.00000000  0.04750000
  0.00000000  0.04500000
  0.00000000  0.04250000
  0.00000000  0.04000000
  0.00000000  0.03750000
  0.00000000  0.03500000
  0.00000000  0.03250000
  0.00000000  0.03000000
  0.00000000  0.02750000
  0.00000000  0.02500000
  0.00000000  0.02250000
  0.00000000  0.02000000
  0.00000000  0.01750000
  0.00000000  0.01500000
  0.00000000  0.01250000
  0.00000000  0.01000000
  0.00000000  0.00750000
  0.00000000  0.00500000
  0.00000000  0.00250000
  0.00000000  0.00000000
  0.00000000  -0.00250000
  0.00000000  -0.00500000
  0.00000000  -0.00750000
  0.00000000  -0.01000000
  0.00000000  -0.01250000
  0.00000000  -0.01500000
  0.00000000  -0.01750000
  0.00000000  -0.02000000
  0.00000000  -0.02250000
  0.00000000  -0.02500000
  0.00000000  -0.02750000
  0.00000000  -0.03000000
  0.00000000  -0.03250000
  0.00000000  -0.03500000
  0.00000000  -0.03750000
  0.00000000  -0.04000000
  0.00000000  -0.04250000
  0.00000000  -0.04500000
  0.00000000  -0.04750000
  0.00000000  -0.05000000
  0.00000000  -0.05250000
  0.00000000  -0.05500000
  0.00000000  -0.05750000
  0.00000000  -0.06000000
  0.00000000  -0.06250000
  0.00000000  -0.06500000
  0.00000000  -0.06750000
  0.00000000  -0.07000000
  0.00000000  -0.07250000
  0.00000000  -0.07500000
  0.00000000  -0.07750000
  0.00000000  -0.08000000
  0.00000000  -0.08250000
  0.00000000  -0.08500000
  0.00000000  -0.08750000
  0.00000000  -0.09000000
  0.00000000  -0.09250000
  0.00000000  -0.09500000
  0.00000000  -0.09750000
  0.00000000  -0.10000000
  0.00000000  -0.10250000
  0.00000000  -0.10500000
  0.00000000  -0.10750000
  0.00000000  -0.11000000
  0.00000000  -0.11250000
  0.00000000  -0.11500000
  0.00000000  -0.11750000
  0.00000000  -0.12000000
  0.00000000  -0.12250000
  0.00000000  -0.12500000
  0.00000000  -0.12750000
  0.00000000  -0.13000000
  0.00000000  -0.13250000
  0.00000000  -0.13500000
  0.00000000  -0.13750000
  0.00000000  -0.14000000
  0.00000000  -0.14250000
  0.00000000  -0.14500000
  0.00000000  -0.14750000
  0.00000000  -0.15000000
  0.00000000  -0.15250000
  0.00000000  -0.15500000
  0.00000000  -0.15750000
  0.00000000  -0.16000000
  0.00000000  -0.16250000
  0.00000000  -0.16500000
  0.00000000  -0.16750000
  0.00000000  -0.17000000
  0.00000000  -0.17250000
  0.00000000  -0.17500000
  0.00000000  -0.17750000
  0.00000000  -0.18000000
  0.00000000  -0.18250000
  0.00000000  -0.18500000
  0.00000000  -0.18750000
  0.00000000  -0.19000000
  0.00000000  -0.19250000
  0.00000000  -0.19500000
  0.00000000  -0.19750000
  0.00000000  -0.20000000
  0.00000000  -0.20250000
  0.00000000  -0.20500000
  0.00000000  -0.20750000
  0.00000000  -0.21000000
  0.00000000  -0.21250000
  0.00000000  -0.21500000
  0.00000000  -0.21750000
  0.00000000  -0.22000000
  0.00000000  -0.22250000
  0.00000000  -0.22500000
  0.00000000  -0.22750000
  0.00000000  -0.23000000
  0.00000000  -0.23250000
  0.00000000  -0.23500000
  0.00000000  -0.23750000
  0.00000000  -0.24000000
  0.00000000  -0.24250000
  0.00000000  -0.24500000
  0.00000000  -0.24750000
  0.00000000  -0.25000000
  0.00000000  -0.25250000
  0.00000000  -0.25500000
  0.00000000  -0.25750000
  0.00000000  -0.26000000
  0.00000000  -0.26250000
  0.00000000  -0.26500000
  0.00000000  -0.26750000
  0.00000000  -0.27000000
  0.00000000  -0.27250000
  0.00000000  -0.27500000
  0.00000000  -0.27750000
  0.00000000  -0.28000000
  0.00000000  -0.28250000
  0.00000000  -0.28500000
  0.00000000  -0.28750000
  0.00000000  -0.29000000
  0.00000000  -0.29250000
  0.00000000  -0.29500000
  0.00000000  -0.29750000
  0.00000000  -0.30000000
  0.00000000  -0.30250000
  0.00000000  -0.30500000
  0.00000000  -0.30750000
  0.00000000  -0.31000000
  0.00000000  -0.31250000
  0.00000000  -0.31500000
  0.00000000  -0.31750000
  0.00000000  -0.32000000
  0.00000000  -0.32250000
  0.00000000  -0.32500000
  0.00000000  -0.32750000
  0.00000000  -0.33000000
  0.00000000  -0.33250000
  0.00000000  -0.33500000
  0.00000000  -0.33750000
  0.00000000  -0.34000000
  0.00000000  -0.34250000
  0.00000000  -0.34500000
  0.00000000  -0.34750000
  0.00000000  -0.35000000
  0.00000000  -0.35250000
  0.00000000  -0.35500000
  0.00000000  -0.35750000
  0.00000000  -0.36000000
  0.00000000  -0.36250000
  0.00000000  -0.36500000
  0.00000000  -0.36750000
  0.00000000  -0.37000000
  0.00000000  -0.37250000
  0.00000000  -0.37500000
  0.00000000  -0.37750000
  0.00000000  -0.38000000
  0.00000000  -0.38250000
  0.00000000  -0.38500000
  0.00000000  -0.38750000
  0.00000000  -0.39000000
  0.00000000  -0.39250000
  0.00000000  -0.39500000
  0.00000000  -0.39750000
  0.00000000  -0.40000000
  0.00000000  -0.40250000
  0.00000000  -0.40500000
  0.00000000  -0.40750000
  0.00000000  -0.41000000
  0.00000000  -0.41250000
  0.00000000  -0.41500000
  0.00000000  -0.41750000
  0.00000000  -0.42000000
  0.00000000  -0.42250000
  0.00000000  -0.42500000
  0.00000000  -0.42750000
  0.00000000  -0.43000000
  0.00000000  -0.43250000
  0.00000000  -0.43500000
  0.00000000  -0.43750000
  0.00000000  -0.44000000
  0.00000000  -0.44250000
  0.00000000  -0.44500000
  0.00000000  -0.44750000
  0.00000000  -0.45000000
  0.00000000  -0.45250000
  0.00000000  -0.45500000
  0.00000000  -0.45750000
  0.00000000  -0.46000000
  0.00000000  -0.46250000
  0.00000000  -0.46500000
  0.00000000  -0.46750000
  0.00000000  -0.47000000
  0.00000000  -0.47250000
  0.00000000  -0.47500000
  0.00000000  -0.47750000
  0.00000000  -0.48000000
  0.00000000  -0.48250000
  0.00000000  -0.48500000
  0.00000000  -0.48750000
  0.00000000  -0.49000000
  0.00000000  -0.49250000
  0.00000000  -0.49500000
  0.00000000  -0.49750000
  0.00000000  -0.50000000
  0.00250000  -0.50000000
  0.00500000  -0.50000000
  0.00750000  -0.50000000
  0.01000000  -0.50000000
  0.01250000  -0.50000000
  0.01500000  -0.50000000
  0.01750000  -0.50000000
  0.02000000  -0.50000000
  0.02250000  -0.50000000
  0.02500000  -0.50000000
  0.02750000  -0.50000000
  0.03000000  -0.50000000
  0.03250000  -0.50000000
  0.03500000  -0.50000000
  0.03750000  -0.50000000
  0.04000000  -0.50000000
  0.04250000  -0.50000000
  0.04500000  -0.50000000
  0.04750000  -0.50000000
  0.05000000  -0.50000000
  0.05250000  -0.50000000
  0.05500000  -0.50000000
  0.05750000  -0.50000000
  0.06000000  -0.50000000
  0.06250000  -0.50000000
  0.06500000  -0.50000000
  0.06750000  -0.50000000
  0.07000000  -0.50000000
  0.07250000  -0.50000000
  0.07500000  -0.50000000
  0.07750000  -0.50000000
  0.08000000  -0.50000000
  0.08250000  -0.50000000
  0.08500000  -0.50000000
  0.08750000  -0.50000000
  0.09000000  -0.50000000
  0.09250000  -0.50000000
  0.09500000  -0.50000000
  0.09750000  -0.50000000
  0.10000000  -0.50000000
  0.10250000  -0.50000000
  0.10500000  -0.50000000
  0.10750000  -0.50000000
  0.11000000  -0.50000000
  0.11250000  -0.50000000
  0.11500000  -0.50000000
  0.11750000  -0.50000000
  0.12000000  -0.50000000
  0.12250000  -0.50000000
  0.12500000  -0.50000000
  0.12750000  -0.50000000
  0.13000000  -0.50000000
  0.13250000  -0.50000000
  0.13500000  -0.50000000
  0.13750000  -0.50000000
  0.14000000  -0.50000000
  0.14250000  -0.50000000
  0.14500000  -0.50000000
  0.14750000  -0.50000000
  0.15000000  -0.50000000
  0.15250000  -0.50000000
  0.15500000  -0.50000000
  0.15750000  -0.50000000
  0.16000000  -0.50000000
  0.16250000  -0.50000000
  0.16500000  -0.50000000
  0.16750000  -0.50000000
  0.17000000  -0.50000000
  0.17250000  -0.50000000
  0.17500000  -0.50000000
  0.17750000  -0.50000000
  0.18000000  -0.50000000
  0.18250000  -0.50000000
  0.18500000  -0.50000000
  0.18750000  -0.50000000
  0.19000000  -0.50000000
  0.19250000  -0.50000000
  0.19500000  -0.50000000
  0.19750000  -0.50000000
  0.20000000  -0.50000000
  0.20250000  -0.50000000
  0.20500000  -0.50000000
  0.20750000  -0.50000000
  0.21000000  -0.50000000
  0.21250000  -0.50000000
  0.21500000  -0.50000000
  0.21750000  -0.50000000
  0.22000000  -0.50000000
  0.22250000  -0.50000000
  0.22500000  -0.50000000
  0.22750000  -0.50000000
  0.23000000  -0.50000000
  0.23250000  -0.50000000
  0.23500000  -0.50000000
  0.23750000  -0.50000000
  0.24000000  -0.50000000
  0.24250000  -0.50000000
  0.24500000  -0.50000000
  0.24750000  -0.50000000
  0.25000000  -0.50000000
  0.25250000  -0.50000000
  0.25500000  -0.50000000
  0.25750000  -0.50000000
  0.26000000  -0.50000000
  0.26250000  -0.50000000
  0.26500000  -0.50000000
  0.26750000  -0.50000000
  0.27000000  -0.50000000
  0.27250000  -0.50000000
  0.27500000  -0.50000000
  0.27750000  -0.50000000
  0.28000000  -0.50000000
  0.28250000  -0.50000000
  0.28500000  -0.50000000
  0.28750000  -0.50000000
  0.29000000  -0.50000000
  0.29250000  -0.50000000
  0.29500000  -0.50000000
  0.29750000  -0.50000000
  0.30000000  -0.50000000
  0.30250000  -0.50000000
  0.30500000  -0.50000000
  0.30750000  -0.50000000
  0.31000000  -0.50000000
  0.31250000  -0.50000000
  0.31500000  -0.50000000
  0.31750000  -0.50000000
  0.32000000  -0.50000000
  0.32250000  -0.50000000
  0.32500000  -0.50000000
  0.32750000  -0.50000000
  0.33000000  -0.50000000
  0.33250000  -0.50000000
  0.33500000  -0.50000000
  0.33750000  -0.50000000
  0.34000000  -0.50000000
  0.34250000  -0.50000000
  0.34500000  -0.50000000
  0.34750000  -0.50000000
  0.35000000  -0.50000000
  0.35250000  -0.50000000
  0.35500000  -0.50000000
  0.35750000  -0.50000000
  0.36000000  -0.50000000
  0.36250000  -0.50000000
  0.36500000  -0.50000000
  0.36750000  -0.50000000
  0.37000000  -0.50000000
  0.37250000  -0.50000000
  0.37500000  -0.50000000
  0.37750000  -0.50000000
  0.38000000  -0.50000000
  0.38250000  -0.50000000
  0.38500000  -0.50000000
  0.38750000  -0.50000000
  0.39000000  -0.50000000
  0.39250000  -0.50000000
  0.39500000  -0.50000000
  0.39750000  -0.50000000
  0.40000000  -0.50000000
  0.40250000  -0.50000000
  0.40500000  -0.50000000
  0.40750000  -0.50000000
  0.41000000  -0.50000000
  0.41250000  -0.50000000
  0.41500000  -0.50000000
  0.41750000  -0.50000000
  0.42000000  -0.50000000
  0.42250000  -0.50000000
  0.42500000  -0.50000000
  0.42750000  -0.50000000
  0.43000000  -0.50000000
  0.43250000  -0.50000000
  0.43500000  -0.50000000
  0.43750000  -0.50000000
  0.44000000  -0.50000000
  0.44250000  -0.50000000
  0.44500000  -0.50000000
  0.44750000  -0.50000000
  0.45000000  -0.50000000
  0.45250000  -0.50000000
  0.45500000  -0.50000000
  0.45750000  -0.50000000
  0.46000000  -0.50000000
  0.46250000  -0.50000000
  0.46500000  -0.50000000
  0.46750000  -0.50000000
  0.47000000  -0.50000000
  0.47250000  -0.50000000
  0.47500000  -0.50000000
  0.47750000  -0.50000000
  0.48000000  -0.50000000
  0.48250000  -0.50000000
  0.48500000  -0.50000000
  0.48750000  -0.50000000
  0.49000000  -0.50000000
  0.49250000  -0.50000000
  0.49500000  -0.50000000
  0.49750000  -0.50000000
  0.50000000  -0.50000000
  0.50250000  -0.50000000
  0.50500000  -0.50000000
  0.50750000  -0.50000000
  0.51000000  -0.50000000
  0.51250000  -0.50000000
  0.51500000  -0.50000000
  0.51750000  -0.50000000
  0.52000000  -0.50000000
  0.52250000  -0.50000000
  0.52500000  -0.50000000
  0.52750000  -0.50000000
  0.53000000  -0.50000000
  0.53250000  -0.50000000
  0.53500000  -0.50000000
  0.53750000  -0.50000000
  0.54000000  -0.50000000
  0.54250000  -0.50000000
  0.54500000  -0.50000000
  0.54750000  -0.50000000
  0.55000000  -0.50000000
  0.55250000  -0.50000000
  0.55500000  -0.50000000
  0.55750000  -0.50000000
  0.56000000  -0.50000000
  0.56250000  -0.50000000
  0.56500000  -0.50000000
  0.56750000  -0.50000000
  0.57000000  -0.50000000
  0.57250000  -0.50000000
  0.57500000  -0.50000000
  0.57750000  -0.50000000
  0.58000000  -0.50000000
  0.58250000  -0.50000000
  0.58500000  -0.50000000
  0.58750000  -0.50000000
  0.59000000  -0.50000000
  0.59250000  -0.50000000
  0.59500000  -0.50000000
  0.59750000  -0.50000000
  0.60000000  -0.50000000
  0.60250000  -0.50000000
  0.60500000  -0.50000000
  0.60750000  -0.50000000
  0.61000000  -0.50000000
  0.61250000  -0.50000000
  0.61500000  -0.50000000
  0.61750000  -0.50000000
  0.62000000  -0.50000000
  0.62250000  -0.50000000
  0.62500000  -0.50000000
  0.62750000  -0.50000000
  0.63000000  -0.50000000
  0.63250000  -0.50000000
  0.63500000  -0.50000000
  0.63750000  -0.50000000
  0.64000000  -0.50000000
  0.64250000  -0.50000000
  0.64500000  -0.50000000
  0.64750000  -0.50000000
  0.65000000  -0.50000000
  0.65250000  -0.50000000
  0.65500000  -0.50000000
  0.65750000  -0.50000000
  0.66000000  -0.50000000
  0.66250000  -0.50000000
  0.66500000  -0.50000000
  0.66750000  -0.50000000
  0.67000000  -0.50000000
  0.67250000  -0.50000000
  0.67500000  -0.50000000
  0.67750000  -0.50000000
  0.68000000  -0.50000000
  0.68250000  -0.50000000
  0.68500000  -0.50000000
  0.68750000  -0.50000000
  0.69000000  -0.50000000
  0.69250000  -0.50000000
  0.69500000  -0.50000000
  0.69750000  -0.50000000
  0.70000000  -0.50000000
  0.70250000  -0.50000000
  0.70500000  -0.50000000
  0.70750000  -0.50000000
  0.71000000  -0.50000000
  0.71250000  -0.50000000
  0.71500000  -0.50000000
  0.71750000  -0.50000000
  0.72000000  -0.50000000
  0.72250000  -0.50000000
  0.72500000  -0.50000000
  0.72750000  -0.50000000
  0.73000000  -0.50000000
  0.73250000  -0.50000000
  0.73500000  -0.50000000
  0.73750000  -0.50000000
  0.74000000  -0.50000000
  0.74250000  -0.50000000
  0.74500000  -0.50000000
  0.74750000  -0.50000000
  0.75000000  -0.50000000
  0.75250000  -0.50000000
  0.75500000  -0.50000000
  0.75750000  -0.50000000
  0.76000000  -0.50000000
  0.76250000  -0.50000000
  0.76500000  -0.50000000
  0.76750000  -0.50000000
  0.77000000  -0.50000000
  0.77250000  -0.50000000
  0.77500000  -0.50000000
  0.77750000  -0.50000000
  0.78000000  -0.50000000
  0.78250000  -0.50000000
  0.78500000  -0.50000000
  0.78750000  -0.50000000
  0.79000000  -0.50000000
  0.79250000  -0.50000000
  0.79500000  -0.50000000
  0.79750000  -0.50000000
  0.80000000  -0.50000000
  0.80250000  -0.50000000
  0.80500000  -0.50000000
  0.80750000  -0.50000000
  0.81000000  -0.50000000
  0.81250000  -0.50000000
  0.81500000  -0.50000000
  0.81750000  -0.50000000
  0.82000000  -0.50000000
  0.82250000  -0.50000000
  0.82500000  -0.50000000
  0.82750000  -0.50000000
  0.83000000  -0.50000000
  0.83250000  -0.50000000
  0.83500000  -0.50000000
  0.83750000  -0.50000000
  0.84000000  -0.50000000
  0.84250000  -0.50000000
  0.84500000  -0.50000000
  0.84750000  -0.50000000
  0.85000000  -0.50000000
  0.85250000  -0.50000000
  0.85500000  -0.50000000
  0.85750000  -0.50000000
  0.86000000  -0.50000000
  0.86250000  -0.50000000
  0.86500000  -0.50000000
  0.86750000  -0.50000000
  0.87000000  -0.50000000
  0.87250000  -0.50000000
  0.87500000  -0.50000000
  0.87750000  -0.50000000
  0.88000000  -0.50000000
  0.88250000  -0.50000000
  0.88500000  -0.50000000
  0.88750000  -0.50000000
  0.89000000  -0.50000000
  0.89250000  -0.50000000
  0.89500000  -0.50000000
  0.89750000  -0.50000000
  0.90000000  -0.50000000
  0.90250000  -0.50000000
  0.90500000  -0.50000000
  0.90750000  -0.50000000
  0.91000000  -0.50000000
  0.91250000  -0.50000000
  0.91500000  -0.50000000
  0.91750000  -0.50000000
  0.92000000  -0.50000000
  0.92250000  -0.50000000
  0.92500000  -0.50000000
  0.92750000  -0.50000000
  0.93000000  -0.50000000
  0.93250000  -0.50000000
  0.93500000  -0.50000000
  0.93750000  -0.50000000
  0.94000000  -0.50000000
  0.94250000  -0.50000000
  0.94500000  -0.50000000
  0.94750000  -0.50000000
  0.95000000  -0.50000000
  0.95250000  -0.50000000
  0.95500000  -0.50000000
  0.95750000  -0.50000000
  0.96000000  -0.50000000
  0.96250000  -0.50000000
  0.96500000  -0.50000000
  0.96750000  -0.50000000
  0.97000000  -0.50000000
  0.97250000  -0.50000000
  0.97500000  -0.50000000
  0.97750000  -0.50000000
  0.98000000  -0.50000000
  0.98250000  -0.50000000
  0.98500000  -0.50000000
  0.98750000  -0.50000000
  0.99000000  -0.50000000
  0.99250000  -0.50000000
  0.99500000  -0.50000000
  0.99750000  -0.50000000
  1.00000000  -0.50000000
  1.00000000  -0.49875000
  1.00000000  -0.49750000
  1.00000000  -0.49625000
  1.00000000  -0.49500000
  1.00000000  -0.49375000
  1.00000000  -0.49250000
  1.00000000  -0.49125000
  1.00000000  -0.49000000
  1.00000000  -0.48875000
  1.00000000  -0.48750000
  1.00000000  -0.48625000
  1.00000000  -0.48500000
  1.00000000  -0.48375000
  1.00000000  -0.48250000
  1.00000000  -0.48125000
  1.00000000  -0.48000000
  1.00000000  -0.47875000
  1.00000000  -0.47750000
  1.00000000  -0.47625000
  1.00000000  -0.47500000
  1.00000000  -0.47375000
  1.00000000  -0.47250000
  1.00000000  -0.47125000
  1.00000000  -0.47000000
  1.00000000  -0.46875000
  1.00000000  -0.46750000
  1.00000000  -0.46625000
  1.00000000  -0.46500000
  1.00000000  -0.46375000
  1.00000000  -0.46250000
  1.00000000  -0.46125000
  1.00000000  -0.46000000
  1.00000000  -0.45875000
  1.00000000  -0.45750000
  1.00000000  -0.45625000
  1.00000000  -0.45500000
  1.00000000  -0.45375000
  1.00000000  -0.45250000
  1.00000000  -0.45125000
  1.00000000  -0.45000000
  1.00000000  -0.44875000
  1.00000000  -0.44750000
  1.00000000  -0.44625000
  1.00000000  -0.44500000
  1.00000000  -0.44375000
  1.00000000  -0.44250000
  1.00000000  -0.44125000
  1.00000000  -0.44000000
  1.00000000  -0.43875000
  1.00000000  -0.43750000
  1.00000000  -0.43625000
  1.00000000  -0.43500000
  1.00000000  -0.43375000
  1.00000000  -0.43250000
  1.00000000  -0.43125000
  1.00000000  -0.43000000
  1.00000000  -0.42875000
  1.00000000  -0.42750000
  1.00000000  -0.42625000
  1.00000000  -0.42500000
  1.00000000  -0.42375000
  1.00000000  -0.42250000
  1.00000000  -0.42125000
  1.00000000  -0.42000000
  1.00000000  -0.41875000
  1.00000000  -0.41750000
  1.00000000  -0.41625000
  1.00000000  -0.41500000
  1.00000000  -0.41375000
  1.00000000  -0.41250000
  1.00000000  -0.41125000
  1.00000000  -0.41000000
  1.00000000  -0.40875000
  1.00000000  -0.40750000
  1.00000000  -0.40625000
  1.00000000  -0.40500000
  1.00000000  -0.40375000
  1.00000000  -0.40250000
  1.00000000  -0.40125000
  1.00000000  -0.40000000
  1.00000000  -0.39875000
  1.00000000  -0.39750000
  1.00000000  -0.39625000
  1.00000000  -0.39500000
  1.00000000  -0.39375000
  1.00000000  -0.39250000
  1.00000000  -0.39125000
  1.00000000  -0.39000000
  1.00000000  -0.38875000
  1.00000000  -0.38750000
  1.00000000  -0.38625000
  1.00000000  -0.38500000
  1.00000000  -0.38375000
  1.00000000  -0.38250000
  1.00000000  -0.38125000
  1.00000000  -0.38000000
  1.00000000  -0.37875000
  1.00000000  -0.37750000
  1.00000000  -0.37625000
  1.00000000  -0.37500000
  1.00000000  -0.37375000
  1.00000000  -0.37250000
  1.00000000  -0.37125000
  1.00000000  -0.37000000
  1.00000000  -0.36875000
  1.00000000  -0.36750000
  1.00000000  -0.36625000
  1.00000000  -0.36500000
  1.00000000  -0.36375000
  1.00000000  -0.36250000
  1.00000000  -0.36125000
  1.00000000  -0.36000000
  1.00000000  -0.35875000
  1.00000000  -0.35750000
  1.00000000  -0.35625000
  1.00000000  -0.35500000
  1.00000000  -0.35375000
  1.00000000  -0.35250000
  1.00000000  -0.35125000
  1.00000000  -0.35000000
  1.00000000  -0.34875000
  1.00000000  -0.34750000
  1.00000000  -0.34625000
  1.00000000  -0.34500000
  1.00000000  -0.34375000
  1.00000000  -0.34250000
  1.00000000  -0.34125000
  1.00000000  -0.34000000
  1.00000000  -0.33875000
  1.00000000  -0.33750000
  1.00000000  -0.33625000
  1.00000000  -0.33500000
  1.00000000  -0.33375000
  1.00000000  -0.33250000
  1.00000000  -0.33125000
  1.00000000  -0.33000000
  1.00000000  -0.32875000
  1.00000000  -0.32750000
  1.00000000  -0.32625000
  1.00000000  -0.32500000
  1.00000000  -0.32375000
  1.00000000  -0.32250000
  1.00000000  -0.32125000
  1.00000000  -0.32000000
  1.00000000  -0.31875000
  1.00000000  -0.31750000
  1.00000000  -0.31625000
  1.00000000  -0.31500000
  1.00000000  -0.31375000
  1.00000000  -0.31250000
  1.00000000  -0.31125000
  1.00000000  -0.31000000
  1.00000000  -0.30875000
  1.00000000  -0.30750000
  1.00000000  -0.30625000
  1.00000000  -0.30500000
  1.00000000  -0.30375000
  1.00000000  -0.30250000
  1.00000000  -0.30125000
  1.00000000  -0.30000000
  1.00000000  -0.29875000
  1.00000000  -0.29750000
  1.00000000  -0.29625000
  1.00000000  -0.29500000
  1.00000000  -0.29375000
  1.00000000  -0.29250000
  1.00000000  -0.29125000
  1.00000000  -0.29000000
  1.00000000  -0.28875000
  1.00000000  -0.28750000
  1.00000000  -0.28625000
  1.00000000  -0.28500000
  1.00000000  -0.28375000
  1.00000000  -0.28250000
  1.00000000  -0.28125000
  1.00000000  -0.28000000
  1.00000000  -0.27875000
  1.00000000  -0.27750000
  1.00000000  -0.27625000
  1.00000000  -0.27500000
  1.00000000  -0.27375000
  1.00000000  -0.27250000
  1.00000000  -0.27125000
  1.00000000  -0.27000000
  1.00000000  -0.26875000
  1.00000000  -0.26750000
  1.00000000  -0.26625000
  1.00000000  -0.26500000
  1.00000000  -0.26375000
  1.00000000  -0.26250000
  1.00000000  -0.26125000
  1.00000000  -0.26000000
  1.00000000  -0.25875000
  1.00000000  -0.25750000
  1.00000000  -0.25625000
  1.00000000  -0.25500000
  1.00000000  -0.25375000
  1.00000000  -0.25250000
  1.00000000  -0.25125000
  1.00000000  -0.25000000
  1.00000000  -0.24875000
  1.00000000  -0.24750000
  1.00000000  -0.24625000
  1.00000000  -0.24500000
  1.00000000  -0.24375000
  1.00000000  -0.24250000
  1.00000000  -0.24125000
  1.00000000  -0.24000000
  1.00000000  -0.23875000
  1.00000000  -0.23750000
  1.00000000  -0.23625000
  1.00000000  -0.23500000
  1.00000000  -0.23375000
  1.00000000  -0.23250000
  1.00000000  -0.23125000
  1.00000000  -0.23000000
  1.00000000  -0.22875000
  1.00000000  -0.22750000
  1.00000000  -0.22625000
  1.00000000  -0.22500000
  1.00000000  -0.22375000
  1.00000000  -0.22250000
  1.00000000  -0.22125000
  1.00000000  -0.22000000
  1.00000000  -0.21875000
  1.00000000  -0.21750000
  1.00000000  -0.21625000
  1.00000000  -0.21500000
  1.00000000  -0.21375000
  1.00000000  -0.21250000
  1.00000000  -0.21125000
  1.00000000  -0.21000000
  1.00000000  -0.20875000
  1.00000000  -0.20750000
  1.00000000  -0.20625000
  1.00000000  -0.20500000
  1.00000000  -0.20375000
  1.00000000  -0.20250000
  1.00000000  -0.20125000
  1.00000000  -0.20000000
  1.00000000  -0.19875000
  1.00000000  -0.19750000
  1.00000000  -0.19625000
  1.00000000  -0.19500000
  1.00000000  -0.19375000
  1.00000000  -0.19250000
  1.00000000  -0.19125000
  1.00000000  -0.19000000
  1.00000000  -0.18875000
  1.00000000  -0.18750000
  1.00000000  -0.18625000
  1.00000000  -0.18500000
  1.00000000  -0.18375000
  1.00000000  -0.18250000
  1.00000000  -0.18125000
  1.00000000  -0.18000000
  1.00000000  -0.17875000
  1.00000000  -0.17750000
  1.00000000  -0.17625000
  1.00000000  -0.17500000
  1.00000000  -0.17375000
  1.00000000  -0.17250000
  1.00000000  -0.17125000
  1.00000000  -0.17000000
  1.00000000  -0.16875000
  1.00000000  -0.16750000
  1.00000000  -0.16625000
  1.00000000  -0.16500000
  1.00000000  -0.16375000
  1.00000000  -0.16250000
  1.00000000  -0.16125000
  1.00000000  -0.16000000
  1.00000000  -0.15875000
  1.00000000  -0.15750000
  1.00000000  -0.15625000
  1.00000000  -0.15500000
  1.00000000  -0.15375000
  1.00000000  -0.15250000
  1.00000000  -0.15125000
  1.00000000  -0.15000000
  1.00000000  -0.14875000
  1.00000000  -0.14750000
  1.00000000  -0.14625000
  1.00000000  -0.14500000
  1.00000000  -0.14375000
  1.00000000  -0.14250000
  1.00000000  -0.14125000
  1.00000000  -0.14000000
  1.00000000  -0.13875000
  1.00000000  -0.13750000
  1.00000000  -0.13625000
  1.00000000  -0.13500000
  1.00000000  -0.13375000
  1.00000000  -0.13250000
  1.00000000  -0.13125000
  1.00000000  -0.13000000
  1.00000000  -0.12875000
  1.00000000  -0.12750000
  1.00000000  -0.12625000
  1.00000000  -0.12500000
  1.00000000  -0.12375000
  1.00000000  -0.12250000
  1.00000000  -0.12125000
  1.00000000  -0.12000000
  1.00000000  -0.11875000
  1.00000000  -0.11750000
  1.00000000  -0.11625000
  1.00000000  -0.11500000
  1.00000000  -0.11375000
  1.00000000  -0.11250000
  1.00000000  -0.11125000
  1.00000000  -0.11000000
  1.00000000  -0.10875000
  1.00000000  -0.10750000
  1.00000000  -0.10625000
  1.00000000  -0.10500000
  1.00000000  -0.10375000
  1.00000000  -0.10250000
  1.00000000  -0.10125000
  1.00000000  -0.10000000
  1.00000000  -0.09875000
  1.00000000  -0.09750000
  1.00000000  -0.09625000
  1.00000000  -0.09500000
  1.00000000  -0.09375000
  1.00000000  -0.09250000
  1.00000000  -0.09125000
  1.00000000  -0.09000000
  1.00000000  -0.08875000
  1.00000000  -0.08750000
  1.00000000  -0.08625000
  1.00000000  -0.08500000
  1.00000000  -0.08375000
  1.00000000  -0.08250000
  1.00000000  -0.08125000
  1.00000000  -0.08000000
  1.00000000  -0.07875000
  1.00000000  -0.07750000
  1.00000000  -0.07625000
  1.00000000  -0.07500000
  1.00000000  -0.07375000
  1.00000000  -0.07250000
  1.00000000  -0.07125000
  1.00000000  -0.07000000
  1.00000000  -0.06875000
  1.00000000  -0.06750000
  1.00000000  -0.06625000
  1.00000000  -0.06500000
  1.00000000  -0.06375000
  1.00000000  -0.06250000
  1.00000000  -0.06125000
  1.00000000  -0.06000000
  1.00000000  -0.05875000
  1.00000000  -0.05750000
  1.00000000  -0.05625000
  1.00000000  -0.05500000
  1.00000000  -0.05375000
  1.00000000  -0.05250000
  1.00000000  -0.05125000
  1.00000000  -0.05000000
  1.00000000  -0.04875000
  1.00000000  -0.04750000
  1.00000000  -0.04625000
  1.00000000  -0.04500000
  1.00000000  -0.04375000
  1.00000000  -0.04250000
  1.00000000  -0.04125000
  1.00000000  -0.04000000
  1.00000000  -0.03875000
  1.00000000  -0.03750000
  1.00000000  -0.03625000
  1.00000000  -0.03500000
  1.00000000  -0.03375000
  1.00000000  -0.03250000
  1.00000000  -0.03125000
  1.00000000  -0.03000000
  1.00000000  -0.02875000
  1.00000000  -0.02750000
  1.00000000  -0.02625000
  1.00000000  -0.02500000
  1.00000000  -0.02375000
  1.00000000  -0.02250000
  1.00000000  -0.02125000
  1.00000000  -0.02000000
  1.00000000  -0.01875000
  1.00000000  -0.01750000
  1.00000000  -0.01625000
  1.00000000  -0.01500000
  1.00000000  -0.01375000
  1.00000000  -0.01250000
  1.00000000  -0.01125000
  1.00000000  -0.01000000
  1.00000000  -0.00875000
  1.00000000  -0.00750000
  1.00000000  -0.00625000
  1.00000000  -0.00500000
  1.00000000  -0.00375000
  1.00000000  -0.00250000
  1.00000000  -0.00125000
  1.00000000  0.00000000
