s1014_islas_e7
  1.000000  0.035208
  0.996100  0.035660
  0.984650  0.036988
  0.966220  0.039124
  0.941510  0.041866
  0.911190  0.045144
  0.876040  0.048853
  0.837050  0.052766
  0.795320  0.056429
  0.752020  0.059556
  0.708290  0.062131
  0.664130  0.064138
  0.618350  0.065592
  0.570650  0.066560
  0.521670  0.066456
  0.471990  0.065108
  0.422220  0.062798
  0.372930  0.060264
  0.324720  0.057866
  0.278120  0.055351
  0.233700  0.052273
  0.191970  0.048006
  0.153460  0.042705
  0.118620  0.036518
  0.087880  0.029601
  0.061530  0.022356
  0.039780  0.015152
  0.022710  0.008978
  0.010320  0.004156
  0.002650  0.001008
  0.000000  -0.000187
  0.002650  0.000484
  0.010320  0.002258
  0.022710  0.004998
  0.039780  0.008530
  0.061530  0.012680
  0.087880  0.016961
  0.118620  0.021249
  0.153460  0.025500
  0.191970  0.029851
  0.233700  0.034319
  0.278120  0.038625
  0.324720  0.042568
  0.372930  0.045874
  0.422220  0.048285
  0.471990  0.049546
  0.521670  0.049420
  0.570650  0.048244
  0.618350  0.046414
  0.664130  0.044492
  0.708290  0.042417
  0.752020  0.040013
  0.795320  0.037403
  0.837050  0.034628
  0.876040  0.031812
  0.911190  0.029457
  0.941510  0.027615
  0.966220  0.026066
  0.984650  0.024632
  0.996100  0.023737
  1.000000  0.023432
