AG24_islas_e3
  1.000000  -0.007636
  0.994048  -0.005504
  0.982038  -0.001230
  0.968488  0.003512
  0.954647  0.008257
  0.940769  0.012934
  0.926890  0.017542
  0.913006  0.022066
  0.899118  0.026457
  0.885230  0.030675
  0.871339  0.034702
  0.857451  0.038544
  0.843559  0.042241
  0.829670  0.045841
  0.815779  0.049355
  0.801883  0.052736
  0.787989  0.055914
  0.774091  0.058844
  0.760188  0.061558
  0.746285  0.064097
  0.732376  0.066484
  0.718461  0.068723
  0.704547  0.070808
  0.690631  0.072710
  0.676709  0.074372
  0.662788  0.075716
  0.648868  0.076697
  0.634943  0.077422
  0.621017  0.077998
  0.607093  0.078481
  0.593166  0.078891
  0.579236  0.079235
  0.565310  0.079509
  0.551385  0.079706
  0.537456  0.079812
  0.523528  0.079818
  0.509606  0.079770
  0.495682  0.079708
  0.481756  0.079636
  0.467835  0.079524
  0.453918  0.079342
  0.440000  0.079079
  0.426087  0.078744
  0.412180  0.078351
  0.398274  0.077914
  0.384372  0.077450
  0.370481  0.076967
  0.356594  0.076459
  0.342711  0.075912
  0.328841  0.075308
  0.314984  0.074637
  0.301131  0.073897
  0.287296  0.073082
  0.273479  0.072168
  0.259672  0.071142
  0.245889  0.069989
  0.232132  0.068692
  0.218395  0.067230
  0.204696  0.065587
  0.191034  0.063743
  0.177412  0.061683
  0.163854  0.059393
  0.150354  0.056845
  0.136934  0.053996
  0.123613  0.050824
  0.110400  0.047316
  0.097342  0.043457
  0.084457  0.039230
  0.071816  0.034648
  0.059466  0.029737
  0.047533  0.024571
  0.036200  0.019267
  0.025838  0.014043
  0.017129  0.009361
  0.010712  0.005848
  0.006482  0.003463
  0.003763  0.001933
  0.001997  0.000947
  0.000855  0.000346
  0.000198  0.000075
  0.000001  -0.000191
  0.000293  -0.000313
  0.001184  -0.000407
  0.002714  -0.000624
  0.004994  -0.000976
  0.008364  -0.001501
  0.013488  -0.002292
  0.021193  -0.003402
  0.031412  -0.004744
  0.043212  -0.006069
  0.055804  -0.007181
  0.068780  -0.007990
  0.081987  -0.008466
  0.095351  -0.008613
  0.108824  -0.008454
  0.122377  -0.008026
  0.135989  -0.007367
  0.149652  -0.006514
  0.163351  -0.005492
  0.177085  -0.004341
  0.190844  -0.003099
  0.204622  -0.001789
  0.218421  -0.000429
  0.232237  0.000966
  0.246064  0.002386
  0.259909  0.003824
  0.273764  0.005282
  0.287631  0.006769
  0.301514  0.008304
  0.315408  0.009881
  0.329313  0.011477
  0.343234  0.013070
  0.357166  0.014660
  0.371111  0.016265
  0.385067  0.017900
  0.399034  0.019565
  0.413004  0.021239
  0.426962  0.022882
  0.440907  0.024446
  0.454842  0.025886
  0.468769  0.027165
  0.482685  0.028284
  0.496593  0.029282
  0.510494  0.030194
  0.524394  0.030996
  0.538286  0.031594
  0.552174  0.031947
  0.566059  0.032093
  0.579942  0.032081
  0.593817  0.031958
  0.607689  0.031771
  0.621556  0.031569
  0.635419  0.031394
  0.649276  0.031241
  0.663131  0.031027
  0.676986  0.030671
  0.690839  0.030207
  0.704693  0.029715
  0.718548  0.029245
  0.732407  0.028789
  0.746265  0.028301
  0.760127  0.027716
  0.773993  0.026943
  0.787859  0.025853
  0.801731  0.024314
  0.815611  0.022334
  0.829491  0.019970
  0.843374  0.017277
  0.857263  0.014259
  0.871153  0.010896
  0.885046  0.007190
  0.898943  0.003203
  0.912839  -0.000957
  0.926737  -0.005151
  0.940634  -0.009262
  0.954532  -0.013227
  0.968401  -0.017018
  0.982019  -0.020596
  0.994039  -0.023675
  1.000000  -0.025189
