NACA_0012_sharp_islas_e8
  1.000000  0.037170
  0.999615  0.037223
  0.998459  0.037383
  0.996534  0.037649
  0.993844  0.038021
  0.990393  0.038498
  0.986185  0.039075
  0.981228  0.039743
  0.975528  0.040512
  0.969096  0.041353
  0.961940  0.042283
  0.954072  0.043277
  0.945503  0.044347
  0.936248  0.045488
  0.926320  0.046696
  0.915735  0.047971
  0.904508  0.049312
  0.892658  0.050712
  0.880203  0.052161
  0.867161  0.053637
  0.853553  0.055121
  0.839400  0.056643
  0.824724  0.058261
  0.809547  0.059903
  0.793893  0.061417
  0.777785  0.062750
  0.761249  0.063897
  0.744311  0.064880
  0.726995  0.065769
  0.709330  0.066582
  0.691342  0.067330
  0.673059  0.067961
  0.654508  0.068372
  0.635720  0.068619
  0.616723  0.068803
  0.597545  0.068956
  0.578217  0.069035
  0.558769  0.068976
  0.539230  0.068720
  0.519630  0.068187
  0.500000  0.067323
  0.480370  0.065956
  0.460770  0.064379
  0.441231  0.062744
  0.421783  0.061145
  0.402455  0.059661
  0.383277  0.058356
  0.364280  0.057235
  0.345492  0.056337
  0.326941  0.055685
  0.308658  0.055214
  0.290670  0.054724
  0.273005  0.054078
  0.255689  0.053215
  0.238751  0.052157
  0.222215  0.050852
  0.206107  0.049310
  0.190453  0.047551
  0.175276  0.045576
  0.160600  0.043363
  0.146447  0.040982
  0.132839  0.038470
  0.119797  0.035856
  0.107342  0.033161
  0.095492  0.030405
  0.084265  0.027601
  0.073680  0.024775
  0.063752  0.021934
  0.054497  0.019108
  0.045928  0.016375
  0.038060  0.013773
  0.030904  0.011264
  0.024472  0.008990
  0.018772  0.006881
  0.013815  0.005048
  0.009607  0.003463
  0.006156  0.002154
  0.003466  0.001135
  0.001541  0.000431
  0.000385  0.000031
  0.000000  -0.000186
  0.000385  0.000024
  0.001541  0.000269
  0.003466  0.000705
  0.006156  0.001384
  0.009607  0.002261
  0.013815  0.003319
  0.018772  0.004529
  0.024472  0.005919
  0.030904  0.007385
  0.038060  0.008993
  0.045928  0.010612
  0.054497  0.012280
  0.063752  0.013964
  0.073680  0.015600
  0.084265  0.017187
  0.095492  0.018738
  0.107342  0.020258
  0.119797  0.021761
  0.132839  0.023271
  0.146447  0.024806
  0.160600  0.026372
  0.175276  0.027966
  0.190453  0.029571
  0.206107  0.031176
  0.222215  0.032763
  0.238751  0.034301
  0.255689  0.035751
  0.273005  0.037100
  0.290670  0.038289
  0.308658  0.039313
  0.326941  0.040234
  0.345492  0.041177
  0.364280  0.042168
  0.383277  0.043116
  0.402455  0.043974
  0.421783  0.044708
  0.441231  0.045295
  0.460770  0.045719
  0.480370  0.045985
  0.500000  0.046189
  0.519630  0.046428
  0.539230  0.046657
  0.558769  0.046831
  0.578217  0.047000
  0.597545  0.047224
  0.616723  0.047571
  0.635720  0.048073
  0.654508  0.048623
  0.673059  0.048713
  0.691342  0.048108
  0.709330  0.047257
  0.726995  0.046346
  0.744311  0.045374
  0.761249  0.044347
  0.777785  0.043258
  0.793893  0.042113
  0.809547  0.040912
  0.824724  0.039722
  0.839400  0.038748
  0.853553  0.037992
  0.867161  0.037280
  0.880203  0.036525
  0.892658  0.035748
  0.904508  0.034980
  0.915735  0.034242
  0.926320  0.033547
  0.936248  0.032907
  0.945503  0.032331
  0.954072  0.031816
  0.961940  0.031360
  0.969096  0.030978
  0.975528  0.030639
  0.981228  0.030367
  0.986185  0.030130
  0.990393  0.029939
  0.993844  0.029787
  0.996534  0.029668
  0.998459  0.029583
  0.999615  0.029532
  1.000000  0.029515
