GM15 (smoothed)
  1.000000  -0.001013
  0.997540  -0.000450
  0.990700  0.001118
  0.980370  0.003486
  0.966980  0.006438
  0.950440  0.009967
  0.930640  0.013887
  0.907750  0.018240
  0.882020  0.022961
  0.853700  0.028004
  0.823090  0.033449
  0.790480  0.039473
  0.756160  0.045649
  0.720430  0.051308
  0.683590  0.056038
  0.645940  0.059920
  0.607780  0.062922
  0.569370  0.065383
  0.530990  0.067420
  0.492650  0.069006
  0.454350  0.070485
  0.416380  0.071697
  0.378870  0.072153
  0.342040  0.071898
  0.306090  0.071270
  0.271200  0.069837
  0.237600  0.067632
  0.205490  0.064695
  0.175040  0.060744
  0.146480  0.055962
  0.119990  0.050462
  0.095760  0.044266
  0.073950  0.037419
  0.054680  0.029802
  0.038110  0.021698
  0.024330  0.014660
  0.013380  0.008432
  0.005480  0.004381
  0.000980  0.001928
  0.000000  -0.000190
  0.000980  -0.001868
  0.005480  -0.002496
  0.013380  -0.003474
  0.024330  -0.005455
  0.038110  -0.007353
  0.054680  -0.009367
  0.073950  -0.010341
  0.095760  -0.010198
  0.119990  -0.009144
  0.146480  -0.007289
  0.175040  -0.004766
  0.205490  -0.001688
  0.237600  0.001782
  0.271200  0.005489
  0.306090  0.009277
  0.342040  0.013008
  0.378870  0.016960
  0.416380  0.020947
  0.454350  0.024751
  0.492650  0.027861
  0.530990  0.029648
  0.569370  0.030212
  0.607780  0.029878
  0.645940  0.028745
  0.683590  0.027211
  0.720430  0.025835
  0.756160  0.024223
  0.790480  0.022198
  0.823090  0.019751
  0.853700  0.016592
  0.882020  0.013461
  0.907750  0.010589
  0.930640  0.007768
  0.950440  0.005102
  0.966980  0.002884
  0.980370  0.001142
  0.990700  -0.000150
  0.997540  -0.001006
  1.000000  -0.001313
