GM15_Re100000_a4.0_LD5.96  [padre:GM15  Re:100000  alpha:4.0deg  L/D:5.9570]
  1.000000  0.007173
  0.997540  0.007713
  0.990700  0.009214
  0.980370  0.011480
  0.966980  0.014391
  0.950440  0.017959
  0.930640  0.022109
  0.907750  0.026676
  0.882020  0.031440
  0.853700  0.036276
  0.823090  0.040880
  0.790480  0.044258
  0.756160  0.046540
  0.720430  0.049271
  0.683590  0.052733
  0.645940  0.056304
  0.607780  0.059844
  0.569370  0.063347
  0.530990  0.066457
  0.492650  0.068754
  0.454350  0.070239
  0.416380  0.071318
  0.378870  0.071812
  0.342040  0.071619
  0.306090  0.070954
  0.271200  0.069592
  0.237600  0.067506
  0.205490  0.064624
  0.175040  0.060703
  0.146480  0.055951
  0.119990  0.050469
  0.095760  0.044279
  0.073950  0.037430
  0.054680  0.029809
  0.038110  0.021702
  0.024330  0.014661
  0.013380  0.008433
  0.005480  0.004381
  0.000980  0.001928
  0.000000  -0.000190
  0.000980  -0.001868
  0.005480  -0.002496
  0.013380  -0.003473
  0.024330  -0.005452
  0.038110  -0.007348
  0.054680  -0.009359
  0.073950  -0.010327
  0.095760  -0.010176
  0.119990  -0.009110
  0.146480  -0.007241
  0.175040  -0.004709
  0.205490  -0.001635
  0.237600  0.001849
  0.271200  0.005549
  0.306090  0.009281
  0.342040  0.012671
  0.378870  0.015524
  0.416380  0.017662
  0.454350  0.019053
  0.492650  0.020045
  0.530990  0.021257
  0.569370  0.022743
  0.607780  0.024160
  0.645940  0.025231
  0.683590  0.025243
  0.720430  0.024487
  0.756160  0.023454
  0.790480  0.022500
  0.823090  0.021323
  0.853700  0.019522
  0.882020  0.017305
  0.907750  0.014924
  0.930640  0.012695
  0.950440  0.010831
  0.966980  0.009431
  0.980370  0.008336
  0.990700  0.007527
  0.997540  0.006991
  1.000000  0.006798
