NACA_0012_sharp_islas_e0
  1.000000  -0.008058
  0.999615  -0.007981
  0.998459  -0.007749
  0.996534  -0.007362
  0.993844  -0.006821
  0.990393  -0.006127
  0.986185  -0.005193
  0.981228  -0.003862
  0.975528  -0.002331
  0.969096  -0.000490
  0.961940  0.001553
  0.954072  0.003579
  0.945503  0.005740
  0.936248  0.008017
  0.926320  0.010353
  0.915735  0.012455
  0.904508  0.014553
  0.892658  0.017062
  0.880203  0.020110
  0.867161  0.023301
  0.853553  0.026198
  0.839400  0.028727
  0.824724  0.030995
  0.809547  0.032778
  0.793893  0.034349
  0.777785  0.036261
  0.761249  0.037841
  0.744311  0.038785
  0.726995  0.040112
  0.709330  0.041892
  0.691342  0.043376
  0.673059  0.044039
  0.654508  0.044884
  0.635720  0.046582
  0.616723  0.047912
  0.597545  0.049070
  0.578217  0.050376
  0.558769  0.051617
  0.539230  0.052716
  0.519630  0.053677
  0.500000  0.054855
  0.480370  0.056349
  0.460770  0.057670
  0.441231  0.058905
  0.421783  0.060032
  0.402455  0.060916
  0.383277  0.061555
  0.364280  0.062076
  0.345492  0.062443
  0.326941  0.062552
  0.308658  0.062254
  0.290670  0.061687
  0.273005  0.061021
  0.255689  0.060307
  0.238751  0.059572
  0.222215  0.058765
  0.206107  0.057834
  0.190453  0.056792
  0.175276  0.055634
  0.160600  0.054320
  0.146447  0.052869
  0.132839  0.051281
  0.119797  0.049548
  0.107342  0.047672
  0.095492  0.045653
  0.084265  0.043492
  0.073680  0.041193
  0.063752  0.038715
  0.054497  0.035986
  0.045928  0.033017
  0.038060  0.029903
  0.030904  0.025917
  0.024472  0.022121
  0.018772  0.017506
  0.013815  0.013492
  0.009607  0.009551
  0.006156  0.006247
  0.003466  0.004012
  0.001541  0.002933
  0.000385  0.002186
  0.000000  0.000000
  0.000385  -0.002186
  0.001541  -0.002933
  0.003466  -0.004012
  0.006156  -0.006247
  0.009607  -0.009551
  0.013815  -0.013491
  0.018772  -0.017504
  0.024472  -0.022119
  0.030904  -0.025914
  0.038060  -0.029897
  0.045928  -0.033008
  0.054497  -0.035974
  0.063752  -0.038698
  0.073680  -0.041171
  0.084265  -0.043465
  0.095492  -0.045622
  0.107342  -0.047639
  0.119797  -0.049516
  0.132839  -0.051249
  0.146447  -0.052832
  0.160600  -0.054255
  0.175276  -0.055494
  0.190453  -0.056501
  0.206107  -0.057298
  0.222215  -0.057897
  0.238751  -0.058277
  0.255689  -0.058369
  0.273005  -0.058264
  0.290670  -0.057966
  0.308658  -0.057405
  0.326941  -0.056681
  0.345492  -0.055898
  0.364280  -0.055258
  0.383277  -0.054814
  0.402455  -0.054394
  0.421783  -0.053837
  0.441231  -0.053192
  0.460770  -0.052484
  0.480370  -0.051889
  0.500000  -0.051323
  0.519630  -0.050244
  0.539230  -0.048921
  0.558769  -0.047522
  0.578217  -0.046274
  0.597545  -0.045100
  0.616723  -0.043961
  0.635720  -0.042657
  0.654508  -0.041144
  0.673059  -0.039343
  0.691342  -0.037111
  0.709330  -0.034678
  0.726995  -0.032117
  0.744311  -0.029486
  0.761249  -0.026932
  0.777785  -0.024432
  0.793893  -0.021800
  0.809547  -0.019056
  0.824724  -0.016599
  0.839400  -0.015185
  0.853553  -0.014625
  0.867161  -0.014255
  0.880203  -0.013795
  0.892658  -0.013235
  0.904508  -0.012591
  0.915735  -0.011954
  0.926320  -0.011418
  0.936248  -0.010934
  0.945503  -0.010264
  0.954072  -0.009529
  0.961940  -0.008769
  0.969096  -0.008197
  0.975528  -0.007726
  0.981228  -0.007642
  0.986185  -0.007569
  0.990393  -0.007737
  0.993844  -0.007960
  0.996534  -0.008134
  0.998459  -0.008259
  0.999615  -0.008333
  1.000000  -0.008358
